angle	x	y	z	v1	v2	v3	v4	v5	v6	v7	v8	v9	v10
6.540610275	6.325089083	17.50564609	1.665181931	6.540610275	0.642142459	-0.475696653	0.403114987	-0.183449402	-1.318090762	-0.949998223	-0.141543606	-0.138489854	-0.746989447
13.53069224	7.712148266	14.18732405	11.11766169	13.53069224	-0.829302921	-0.073110552	0.513145958	1.715994565	0.782148673	-1.296833687	-1.138859082	-2.629362134	-1.747221951
7.33173215	3.657295461	1.014696475	6.354406835	7.33173215	-0.924044865	-0.707449392	-0.460888275	-0.431611716	-1.061792683	-0.282796962	1.412324733	-0.371514322	-0.806059232
6.608735127	6.261611453	20.65535958	2.113670264	6.608735127	1.197505083	0.438848687	-0.031991692	-1.457382014	-1.758716697	0.556607753	1.546412554	-0.134827395	-0.899619172
12.13281885	11.01028306	18.91289224	-5.096955965	12.13281885	1.447169036	-1.606708519	-0.067956097	-0.276991136	0.602778878	-0.144439415	-0.470067607	-1.101652304	0.795041347
10.34673043	-6.252173421	20.74873712	-8.244098381	10.34673043	0.955051444	-0.161041797	1.056490141	1.957695971	-1.374219752	0.584134787	-1.938282736	1.604392103	2.705355219
8.021060846	-1.333926061	6.299582714	7.909365231	8.021060846	-0.342497426	0.349518632	-2.155515018	-0.355458089	0.683537441	0.702180127	-0.889432759	0.427820455	0.916009464
11.24521947	2.778245681	10.45910043	-10.89661929	11.24521947	0.174831399	0.325605121	1.724496789	-0.125669807	0.532474747	0.800374659	0.098602169	-1.614563311	1.765937855
13.61486724	6.792110688	7.907322771	11.79965434	13.61486724	0.598280027	-1.416693866	-0.089048916	0.425059361	-1.418087807	-0.678475609	-1.283584513	-1.409077831	0.228655314
6.823331465	5.851917832	6.295414538	3.508975629	6.823331465	-2.121374507	0.115818656	0.00740551	0.551188036	0.032188575	-1.22983557	0.075469587	-2.770420658	-0.545453667
5.431880858	3.579623485	5.711152816	-4.085538564	5.431880858	0.790841808	-0.795286139	-0.3955027	0.416505617	-0.25427039	1.45791117	1.245089775	0.14247093	0.116951976
10.18365095	-7.38937903	2.722211333	-7.007412096	10.18365095	0.251269369	1.650787227	0.540351855	-1.244092987	-0.748323977	1.098138879	0.645166574	-0.259304437	-0.380627309
6.462667867	6.358852851	18.70957603	1.153718498	6.462667867	-2.025993852	0.997307563	0.421203349	-3.615431348	-1.543998295	1.120545421	-0.917959396	0.861041966	0.737552944
6.363333094	6.342906064	9.929517165	0.509461223	6.363333094	1.547232007	-0.559084282	-0.776949149	-1.341157621	-0.78693511	1.220374712	0.637358873	0.164318986	-0.912319018
9.559777895	-9.472796727	3.674994463	-1.286652853	9.559777895	-1.127385819	-0.291442247	1.00935629	0.251521282	2.475517799	1.256148851	2.292978425	1.471520675	0.503982336
13.07676907	11.41013383	14.0198236	6.388328054	13.07676907	0.027947675	0.958591495	-0.340491182	-0.390865723	-0.64862918	-0.573626446	-1.864551361	-0.897999229	0.637601783
7.828949324	0.195956223	18.22311584	7.826496577	7.828949324	2.205781881	-0.533095224	-0.517128376	-0.81655372	0.625357004	-0.73095684	0.059599857	0.955841177	-1.103111169
5.053451527	1.690322051	9.827344782	-4.762371647	5.053451527	-1.253643653	-2.400274011	-0.511107557	-0.589225119	2.027625345	0.402233387	0.915714961	-2.442142507	1.971775828
9.776749655	-9.17738404	19.5088628	-3.370527556	9.776749655	0.319581647	-0.206063919	0.70718859	2.024033564	0.912731413	0.854044458	-0.131557067	0.856234669	1.066474736
10.54537116	-4.588801707	3.620925603	-9.494616991	10.54537116	0.915718988	1.340763075	-0.931140434	0.186518703	0.622405456	0.29063303	-0.197891538	-0.699771156	-1.263488671
8.207049026	-2.837813834	15.22056782	7.700809462	8.207049026	-1.455708464	0.652835931	0.250059166	-0.163101944	0.501999606	-1.447911132	-0.735291818	-0.574169778	0.395801322
13.02233779	11.69191808	13.8843676	5.734137536	13.02233779	-0.538801508	-0.347333065	2.161105372	0.998836732	-0.029566312	-0.584929905	1.948209313	2.390014932	0.927203738
5.80286274	5.146245156	18.31473643	-2.681301322	5.80286274	-1.140731992	0.469624631	-0.807281367	-1.701102738	-0.407882161	0.889144131	-0.163822548	-2.01106161	0.171985694
10.67934605	-3.321106236	4.21655423	-10.14981208	10.67934605	-0.100770403	0.360251454	-0.06143939	-0.252272773	-1.518808326	-0.71534646	-0.943199226	-0.625864295	1.476183538
9.413917552	-9.413362379	3.110442114	0.102236983	9.413917552	0.20277288	-0.78214691	0.0087783	1.163912098	-0.042568673	-0.361707768	-0.934275476	-2.042725287	0.788602894
5.661002935	4.600179014	14.14864874	-3.299288902	5.661002935	0.0564092	0.18470235	1.480085794	-0.962134023	0.79124771	-1.089515948	-0.234938496	-0.797376903	-0.93664079
11.32914051	3.70932775	3.94539716	-10.70468646	11.32914051	0.839774153	0.823514179	0.606523446	-0.794022305	-0.427246413	1.165485191	-0.008697726	2.343366615	0.390838967
9.8373512	-9.011919427	20.33677117	-3.944462813	9.8373512	0.010512071	0.229889567	0.114309423	1.149002672	0.283243424	-0.258289379	-1.163692973	1.342332704	-1.109078849
11.68081677	7.392330754	16.58501867	-9.044054755	11.68081677	-0.844223744	0.573801903	-0.487939921	-1.136634958	1.116016114	0.682361935	0.599796495	-1.343351977	0.123973901
7.375159063	3.397990091	13.15593995	6.545734073	7.375159063	0.013693608	-1.459386548	0.131686862	-0.009530136	0.591554419	-1.019592138	0.757683976	-0.217115258	-1.27783721
7.355602203	3.515997911	10.9713161	6.460854622	7.355602203	-0.074858498	0.706067419	-0.024164291	-0.480298551	1.013686778	-0.769737872	-0.654284194	-0.463674993	-1.778657996
7.344995855	3.579156548	10.19469861	6.413938144	7.344995855	-0.219546597	1.285652931	1.951676237	0.570122846	1.845939882	-0.279767255	1.718498462	-2.125953483	-1.038156701
12.91672951	12.13203287	20.7001755	4.433472654	12.91672951	0.99467731	1.16840458	0.827318924	0.853054213	-1.587398932	-0.328094047	0.138827143	0.756621313	0.603853432
13.38197631	9.172374377	20.52973109	9.7439642	13.38197631	-1.885208406	0.779443006	-1.154677032	-1.78313666	-0.661308408	-1.189799671	1.219715583	-0.126912393	1.062458864
13.1601258	10.90771216	10.823627	7.36279339	13.1601258	-0.927107268	-0.891858104	0.292354628	0.713425988	1.386460745	-1.002512352	0.380525845	-0.942441709	1.015658441
6.40157446	6.356764628	19.94590061	0.756107818	6.40157446	-0.298922655	0.771300275	0.895913087	0.916129945	-0.693833334	0.280517961	0.452807359	1.019899682	-0.889166909
10.16747223	-7.489859969	7.187950241	-6.876008227	10.16747223	1.908999299	-0.251218479	0.039657654	-0.213646301	0.471287116	0.922450925	0.898887789	1.261685863	-0.070480412
13.48185704	8.215910787	7.459532727	10.68921322	13.48185704	0.36074247	-0.106870474	0.019410501	0.186660365	-0.871437948	-0.5284817	-1.271634895	-0.545551733	0.715575629
11.63021721	6.895439561	4.538962518	-9.36562148	11.63021721	1.478922673	1.701159247	0.704940771	0.447968822	0.609442875	-0.334412399	1.425529805	-0.331215789	-0.340038895
11.83504873	8.808734791	19.60139005	-7.904085644	11.83504873	-1.739958166	-0.153252404	0.220386855	-0.895095927	-0.107425995	0.300884174	0.995471892	0.104942147	0.149977504
5.074471161	1.797490209	6.052604762	-4.745449032	5.074471161	-1.228408198	0.166120049	-0.097039326	0.207957237	-2.348787483	0.096091114	-0.291673341	0.424424688	0.304750859
7.100899624	4.856238444	0.920677241	5.180706868	7.100899624	0.045165872	-1.564178984	-1.258830557	0.300879024	1.888852458	0.366492326	0.687623183	-0.239421755	-1.111165085
5.258302646	2.730106394	12.78194682	-4.494025567	5.258302646	-0.903223253	-1.431919464	0.985934657	-0.540033876	0.168997996	-0.350080453	-1.460224567	-0.93631639	1.234463485
9.426822492	-9.42680279	3.08254149	-0.019273424	9.426822492	0.705315402	0.496230881	-0.584889706	-0.503409271	0.119575993	-1.262869122	-0.07755122	0.900203454	0.434869586
8.068577604	-1.718225252	19.75098289	7.883504712	8.068577604	-0.195707939	-0.336552452	-0.659966884	-0.431728423	0.614520562	1.03897569	-1.139016339	0.045709228	0.773558087
4.928480297	1.056732669	0.74891651	-4.813858546	4.928480297	-0.875138605	-1.058613587	-0.022292837	1.340969825	-1.49641492	-1.34205899	-1.063622375	-0.230513546	-0.060137862
10.21846303	-7.165419706	15.07111167	-7.285173098	10.21846303	1.655666944	0.82962878	-2.05808814	0.809481952	-1.037646831	-0.194619989	0.26731272	1.435629891	0.185588362
8.131840606	-2.230542489	17.15619502	7.819943212	8.131840606	-0.343213425	0.931714234	-1.120933621	1.15411904	-0.518039888	0.194890123	-1.340532434	-0.094717487	-1.385205657
10.11616534	-7.793110945	18.50793401	-6.450133558	10.11616534	0.772117038	0.656169079	0.230927906	0.149668206	0.972787538	-0.305616183	0.096626766	-0.48427646	-1.395018721
5.40579472	3.455168558	16.93309631	-4.157454365	5.40579472	2.073476725	-0.065741456	-0.657785875	0.127167995	0.169811819	-0.372350499	1.289507164	-0.687701723	2.761629274
5.643833786	4.529079866	0.384026783	-3.367535504	5.643833786	-0.83869328	0.986135842	0.472133631	0.536719458	-0.185819717	0.192575513	1.456537739	-1.417883346	0.092195667
12.10583376	10.84457574	20.23822325	-5.380184747	12.10583376	1.70027556	-1.161757951	1.394488542	1.305019697	0.116372071	0.510132519	-0.214795588	2.035312012	1.13805101
6.288274814	6.288193371	14.56759561	0.032004077	6.288274814	-0.147844168	-0.820352368	0.917484805	-0.453898037	1.034537874	-0.406435331	1.585956433	-1.323684072	-0.477867679
12.07562034	10.65044976	4.739193452	-5.691091857	12.07562034	0.884903701	0.894145251	0.614349676	2.592209682	0.410708391	0.162105255	0.26661116	-0.322866364	-1.243320705
8.37653977	-4.180718508	2.567424827	7.258650789	8.37653977	0.706278319	1.266369772	-0.05221323	-2.477569477	1.415190993	-0.259535312	-2.099371555	-0.840777365	0.269964153
8.577628578	-5.679437228	2.303855947	6.42804051	8.577628578	2.227790882	-1.136431521	0.611583701	-0.236408772	-0.186289486	-0.384146048	-0.959763627	-1.415552436	0.624918805
6.983320468	5.340529993	7.431302638	4.499500434	6.983320468	-1.214889709	-1.192854481	0.370393888	1.032682433	0.069485299	-0.044148859	0.42018774	0.386111537	0.111133236
9.363310788	-9.345628064	5.528992535	0.575173891	9.363310788	-0.633831869	-0.57400626	-0.432481527	0.458398562	0.65115745	0.423905104	1.719364217	-0.07612329	-0.549136388
12.27843771	11.77297025	20.22809549	-3.486718222	12.27843771	-0.382021099	-0.429115695	-0.46499106	0.334811866	1.146584097	-1.029004473	-0.5076819	2.53231279	-0.16634478
12.83673792	12.37041594	4.393031518	3.428505492	12.83673792	-0.170805836	0.870499558	-0.014873894	1.346355837	1.624549751	1.58858585	-1.45122039	-0.724450664	0.373537176
12.68918668	12.59360643	17.38291683	1.554521025	12.68918668	-0.158783341	1.449334076	-1.537301073	1.206625359	-0.608734262	1.607322969	0.015807507	-0.146938775	2.13208098
5.210779638	2.49081826	8.386685231	-4.576903848	5.210779638	0.148739257	1.596993296	-1.776640563	0.035233456	0.927271559	-2.207633742	-2.339778733	0.540074517	-0.260200897
4.786038711	0.352171881	20.03033882	-4.773064164	4.786038711	0.876216957	-0.03925433	-0.733205675	-1.418435614	-0.862507001	-0.756553002	0.877695971	0.901301653	0.367280693
6.617532625	6.251084706	17.44906253	2.171561198	6.617532625	-0.047695185	2.399497207	-1.772351564	-1.158108046	-1.072579908	0.423992436	0.649545614	0.120227022	1.3265849
5.924946151	5.548804928	9.852346439	-2.077438509	5.924946151	-0.972111267	-0.022972337	-0.638483267	-0.601893976	1.580535639	-0.031841047	0.013342739	0.535919805	-0.958685347
6.297207812	6.29658871	18.91667282	0.088299732	6.297207812	-0.847444896	-0.238879162	-0.381015647	1.163213857	-2.092397635	2.113949621	1.321314195	-0.430018718	-0.12189081
11.85538616	8.983060907	17.5757539	-7.736588246	11.85538616	0.500959324	1.232556178	-1.156957049	0.308215716	0.409648328	0.230193263	0.813767638	-0.730753816	-0.242065224
13.78293767	4.780854323	18.47889713	12.92721172	13.78293767	-0.416733356	0.353157749	1.315978443	-1.027685082	-0.801445761	-0.765840539	0.948886485	1.543567327	0.356648657
6.933864482	5.517085896	1.418048201	4.200028556	6.933864482	-1.169250259	0.494612923	-0.784861258	-0.172400686	0.671992837	0.96542257	-0.073055367	0.299879889	0.50557093
10.70628805	-3.054163411	7.825854103	-10.26141753	10.70628805	-0.81017711	-0.887847186	-1.429431866	-0.4644874	-0.051111492	0.750892866	0.561699875	0.452261488	0.485899853
11.70153247	7.59152473	4.291144007	-8.904752346	11.70153247	-0.698490639	0.990231498	-1.719138147	0.594635696	0.645359336	-0.741965745	0.472885918	-0.384412737	0.608939667
12.92967326	12.0857313	8.273253071	4.594730625	12.92967326	1.753423209	-1.154354736	0.226024319	-1.083145035	-1.48782714	-0.337271344	-0.188096628	-0.066814814	-0.812479957
6.436087613	6.36099906	13.49928347	0.980262582	6.436087613	-1.499591744	0.219813247	0.163643224	0.657546941	-0.771530437	0.86501361	1.028004722	1.295854723	1.36008292
11.00824156	0.13944066	5.15367961	-11.00735838	11.00824156	0.061126187	-1.072862878	-0.19371897	0.116247445	2.134451847	0.127010507	0.580611035	0.739076746	0.018171736
12.48278605	12.4392067	19.00032283	-1.042153716	12.48278605	-1.922625424	-1.08773694	0.201347446	-2.257803766	-1.255890755	-2.604343072	1.83320685	-0.840960578	-0.19504851
10.92859724	-0.731418019	4.174913194	-10.90409397	10.92859724	-0.593524419	0.689376313	2.073105662	0.833187672	-2.352147729	-0.281931206	-0.339979036	1.016848804	1.642673408
5.795841804	5.121089669	7.038916777	-2.714078631	5.795841804	-2.855450203	-0.704793292	0.155086355	0.79381942	-1.694082667	0.748747503	0.584762618	0.42893737	0.324805454
12.50580925	12.48288261	2.263252473	-0.75690604	12.50580925	-1.121595083	-1.116237111	0.038665992	1.525906167	1.046156276	0.266135544	-0.203357581	0.666149277	-0.651630728
7.099866892	4.86087908	17.10559823	5.174936179	7.099866892	0.922986613	-0.955991792	1.153029283	2.091147081	0.518401859	-1.429232628	0.517187762	-1.075152157	0.753409359
10.00888925	-8.349440472	9.633451493	-5.519484373	10.00888925	-1.404345168	0.016260409	-1.108398548	-0.981965029	-0.36669674	0.958674433	1.391543616	0.443162499	0.970154096
10.89827128	-1.058762	20.72753389	-10.84672024	10.89827128	1.964867595	0.11556634	-0.869667517	1.153401741	-0.785023217	1.157601246	-2.82512767	-0.951976893	2.09995418
7.776171426	0.604455144	0.956758927	7.752643164	7.776171426	-2.09102557	-0.02637327	0.357198068	-0.068050783	-0.510060414	-0.211468336	0.583238977	-0.318109017	-1.668845835
10.72475619	-2.869084667	14.55471978	-10.33386416	10.72475619	0.070893674	1.692306644	0.069628008	-1.539096505	-0.210989944	-0.117625173	-0.852352339	-4.21056822	0.630496289
8.616466498	-5.951569488	8.534686246	6.230755615	8.616466498	-0.511333753	-0.11735948	0.032079009	0.098590848	-0.852138679	-0.141430701	-0.176761417	-1.222037166	-0.189928399
7.458012108	2.876576727	5.569661205	6.880933871	7.458012108	0.187083635	-0.366558026	-1.173459315	-0.525869781	1.016215743	-1.029453827	-0.067353211	-0.575350884	-0.64386861
11.21816987	2.476544604	8.328507723	-10.94139215	11.21816987	-0.291307776	0.212366834	1.67650301	1.027094252	-0.482893998	0.625172038	-1.897571028	0.607671728	0.807661703
12.03909899	10.4039864	2.019067799	-6.057802531	12.03909899	-0.394865338	-0.134421401	-0.738328181	0.110172116	0.283460595	0.482224872	-0.973337506	-1.985363472	-0.010966783
8.987207595	-8.140467665	16.54312976	3.808239297	8.987207595	0.54073025	-0.624279607	-0.336296765	1.553904581	-0.739313612	0.581434562	0.37849346	0.524145801	-1.944546284
13.81124661	4.422096064	8.842870863	13.08417362	13.81124661	-0.042767983	-0.922952444	-1.120909453	0.449196819	1.177013201	-0.78217057	0.104697429	1.857679667	0.769313264
5.201394754	2.443346953	12.21885999	-4.591793011	5.201394754	1.788937452	0.94781302	-0.613453784	-2.668008182	-1.02906428	1.025428434	-0.481709435	-0.997980018	-1.171197763
10.8102225	-1.992240811	11.95886622	-10.62505939	10.8102225	-1.975981193	-0.377258739	0.429587958	-0.83054094	-0.982063709	-0.622695349	0.638060763	2.632206387	-0.704935301
6.731759371	6.065762315	16.94571766	2.919436891	6.731759371	0.645800156	-1.67504507	-0.244429671	-0.066613032	0.626057391	-0.933362967	3.53745296	1.809773756	-1.874565645
8.00627676	-1.214608959	0.750547446	7.913608067	8.00627676	-1.216424832	0.315462664	1.157070394	-0.992205381	-0.247643407	-0.074930513	0.175805874	0.372624488	1.579451695
9.911452722	-8.760662897	19.38233432	-4.63548063	9.911452722	-0.267259811	-0.748522511	0.971782593	1.182541469	-0.557209585	1.284988868	-0.119465709	1.228662351	0.863021771
5.771356053	5.031757049	12.50120197	-2.826653797	5.771356053	-0.710141155	1.518266189	1.580114107	-0.509659677	-0.482750532	-0.718112121	-0.261432246	-0.873973193	0.095876703
6.058339671	5.905842386	12.73510746	-1.350742493	6.058339671	-0.523218341	0.626451078	-0.570480569	-0.94288251	-1.848633964	0.254964796	-0.143502735	0.051044009	0.83303906
9.027527427	-8.324537651	7.319102854	3.49260996	9.027527427	-1.185676957	0.527221579	-0.331587295	1.136221699	0.073210015	-0.081339489	1.829335345	-0.170436176	0.332069267
10.67826133	-3.331775478	12.7331625	-10.1451731	10.67826133	-0.055973391	0.501312129	-0.380375129	-1.011995307	0.141124144	0.139156182	1.323863046	-1.137430955	-1.779345897
6.473940858	6.356511743	0.306628805	1.227464335	6.473940858	0.160964259	0.572717432	0.116409805	1.304707011	-0.323950064	-0.221801679	0.218956505	-0.065257351	-1.470374966
12.36836493	12.12669745	11.9208135	-2.433035146	12.36836493	0.466174599	0.441100643	0.302381304	-0.602671341	-0.039618506	0.585445394	-1.933438529	-0.636080483	-0.197283908
10.00785434	-8.354284239	0.340416373	-5.510270715	10.00785434	-0.051179202	-1.133308695	1.284397548	0.669368504	0.004931284	-1.594257165	-0.800290798	1.508395389	0.611113055
6.717960856	6.092952717	4.281581169	2.829651083	6.717960856	0.515303364	0.325895362	-0.222872507	0.394021723	0.263432534	-1.156550568	0.849514732	0.696371624	-0.657417932
13.1892323	10.71245782	18.85013982	7.694094891	13.1892323	-0.676777282	-1.007386015	0.499641084	2.243286164	-0.191046387	0.4555566	0.681101185	-0.105104994	0.629281872
12.86459346	12.29675242	20.30647688	3.779900098	12.86459346	0.524014951	0.035095919	0.270996468	1.358552657	-0.83355597	0.655692647	-0.369359042	0.837247898	0.120241404
10.27734199	-6.76305292	8.410285451	-7.738531748	10.27734199	-0.76387932	-1.546564303	0.557287755	-0.045824355	0.707845602	0.927854768	0.453076332	-0.57898321	0.129220152
14.03545498	1.425113535	8.624139278	13.96291688	14.03545498	0.857299871	-0.608838622	0.75336614	0.573866709	-0.187088249	0.494016521	0.639149298	1.083168395	0.38356758
5.540360469	4.080812677	1.792289249	-3.74734066	5.540360469	-0.55084514	1.021548782	-2.164174935	0.506322573	0.728050063	-0.290254939	1.437378286	0.745377703	1.495734992
5.291557802	2.896220385	16.22153119	-4.428599266	5.291557802	1.799422279	-0.672483593	-0.753566799	0.858984417	0.731031829	-0.352762753	-0.069367985	0.12921974	0.273469505
9.037080313	-8.366365703	15.36366277	3.416539991	9.037080313	0.106007086	-0.652096211	-0.737685459	-0.254204292	-0.499094861	0.195098937	-1.026092576	-2.062985463	0.499405434
8.387227071	-4.263486352	19.10130501	7.222760004	8.387227071	-0.017412112	0.84674286	-1.525626632	0.137835021	0.393217786	0.69862337	-0.475354385	0.820136165	0.723352804
11.17654931	2.011653244	18.36624432	-10.99402136	11.17654931	0.368138799	-0.824960918	1.007072327	0.435794573	-0.398494751	-0.362026304	0.392832661	-0.11672359	0.824413378
5.337368137	3.12278932	12.9455655	-4.328473806	5.337368137	-0.210094539	0.876470451	0.515120234	0.050121496	0.197958015	0.2232276	-0.300413197	-0.363157958	1.521363373
4.873381022	0.781190786	15.65746713	-4.810362101	4.873381022	-0.299629281	-2.00733799	-0.401243642	-0.043881082	0.810706061	0.302097899	-1.381781025	0.0225577	-1.610687373
13.33016851	9.627238852	10.98564715	9.220068574	13.33016851	0.034892833	-0.411281536	1.410274827	0.920137318	0.5252501	0.213977172	-0.268275841	0.060377355	0.886929846
7.714938285	1.069257732	11.9565475	7.640481702	7.714938285	-0.141645837	-0.911546509	0.059325217	1.085520679	1.336098928	-0.74570557	-0.163089953	0.744890729	-1.04201082
12.70604346	12.58230687	4.813652169	1.768924622	12.70604346	-1.731287379	1.596606703	1.119174741	0.097467055	-1.057302155	-0.484647958	0.25555713	2.592830881	-0.8514982
9.98497887	-8.458758609	13.50174525	-5.305582516	9.98497887	-0.266745738	1.0451362	0.409510913	-0.457795332	-0.426345263	-0.746932179	-0.21121309	0.627274697	-1.312688262
12.95078409	12.00561707	1.313881228	4.856744513	12.95078409	-0.505316867	0.770821534	-0.231442735	-1.268177659	0.308448605	-1.676319149	-0.07610727	0.371608549	0.439106411
7.292653628	3.881958938	18.29537221	6.173588239	7.292653628	-0.612216886	1.167378392	0.675117097	0.647437967	-2.288883435	-1.220389111	-0.617046854	0.320421348	-1.368190481
12.47351233	12.41977353	18.24092428	-1.156605102	12.47351233	-0.412296546	1.339790012	0.610529162	0.928627068	0.609251599	0.330186933	0.456404619	-1.075656524	-0.436215635
5.528956218	4.02950121	9.789964485	-3.785825783	5.528956218	0.251633565	0.902487486	-0.318685953	-0.121205062	-1.088417679	0.268820724	-0.385877784	0.427405435	-0.772629686
12.11023536	10.87210367	11.22605102	-5.334338052	12.11023536	-0.299948203	-0.716846629	-0.678128746	-0.66686798	2.560575745	-0.353046611	-1.057584696	-0.59024719	-0.567732509
6.268737205	6.268082925	6.95205358	-0.090568202	6.268737205	1.73871264	-0.680851383	-0.130029352	0.057575679	-1.558800293	-0.728063911	0.86050603	-0.355370501	0.874622164
5.873609883	5.387803491	11.15468876	-2.33898837	5.873609883	1.379196959	-1.171052415	-0.669506342	-0.445676351	0.889908245	0.281490711	0.63279765	-0.484187341	-1.093091123
11.89154815	9.285133418	5.129226366	-7.429348208	11.89154815	0.293234966	0.254054139	0.445359828	-1.554980971	0.085872627	-0.500393188	-0.853246512	-0.137588102	-0.482064806
13.33497683	9.586251263	12.92514011	9.269595125	13.33497683	-1.602705792	0.68276316	0.497534464	1.452032465	-1.427805587	-0.029111882	-0.366840138	0.128952636	-0.403461653
12.75930341	12.52256892	7.04167178	2.446444607	12.75930341	-1.422811263	-0.568971523	0.885665154	-0.647277935	0.732091996	0.601687112	1.207147365	1.787941196	1.035972538
10.46792695	-5.270622713	20.5723487	-9.044226378	10.46792695	-0.355535868	-0.790959613	-0.440238058	-0.036131932	1.23123775	0.005649472	0.813041999	0.006872947	-1.726781865
7.081621234	4.94175255	10.52116829	5.07232107	7.081621234	-0.54974047	-0.947916216	1.507090032	-0.135977307	2.172982974	-0.441981103	0.147175868	1.264896907	-0.130348553
11.70616425	7.635709209	11.62037812	-8.873005478	11.70616425	0.778273377	0.209912046	-1.36810525	-0.513037446	-1.256356375	-0.352406386	-1.009316754	1.426713172	-1.364386905
8.903920606	-7.723197146	7.328474528	4.430804443	8.903920606	1.21806602	0.934887025	-0.254218149	-1.177774877	-1.591659794	-0.259469963	0.369919904	-1.856405163	-0.008684493
9.708674174	-9.320049596	18.31342183	-2.7193804	9.708674174	-1.638696611	0.264815156	1.633815135	-0.985798671	0.187805972	0.51487567	-0.278772817	-0.375685112	-0.268175723
13.13703896	11.05534542	20.49434799	7.09655764	13.13703896	-0.249681695	1.688211889	-0.343964276	1.065503606	1.217300595	0.736207759	1.622723017	0.766880861	-0.049948733
7.784649941	0.539290666	19.06753893	7.765947481	7.784649941	1.628343507	-1.967205881	-1.006847965	0.789688368	0.093142144	-0.977815954	1.552615254	0.004106304	1.520149831
8.710310489	-6.58013672	8.149914541	5.707127961	8.710310489	-0.643084379	-0.485240587	0.274688962	-0.203617539	-0.179849181	0.569119451	0.004359101	0.724984439	-0.28786177
13.33070028	9.622718344	11.08393438	9.225554818	13.33070028	-0.508042963	-0.960163979	-1.588228066	0.123195583	0.909419027	-1.057562556	0.098879422	0.028365976	0.806433757
13.05587216	11.52268628	13.73888249	6.138688679	13.05587216	0.276178702	1.54754433	-0.675976251	0.224775115	-0.749158605	-1.283110447	0.590609194	-1.229313959	1.610567866
12.69024182	12.59300624	16.56950253	1.567938559	12.69024182	0.678122648	-0.225935397	-0.537199133	-0.912446971	0.074015222	-0.849780493	0.221308263	0.605824208	-0.428732476
7.114306714	4.795382895	19.83708821	5.255250985	7.114306714	0.608366291	0.262771195	1.306060229	-0.389904929	0.840725105	0.310550692	1.49646337	-1.213265692	-0.291790879
5.949098978	5.620175094	2.421469795	-1.950746155	5.949098978	-0.395380973	-0.236804412	0.476896713	-0.740590054	-1.170400064	-0.922169672	0.550534582	0.496151595	1.488257081
13.43028176	8.722544294	9.544130911	10.21223233	13.43028176	-3.189617865	0.23341303	-0.732233494	-1.369915225	-0.330009211	-0.948847629	-0.78449611	1.087377619	0.06875656
12.3853195	12.18288105	10.55036261	-2.230145343	12.3853195	-0.167998663	-0.639539275	0.723397208	0.578985501	-0.158565421	-0.607820322	0.45473371	1.250184851	-1.277317793
14.08888537	0.679969236	17.55735475	14.07246719	14.08888537	0.4563894	1.026717382	-0.514693995	-0.251044244	-0.410886972	-1.339638248	-1.025850272	-0.07842517	-0.168784649
6.559600223	6.310597919	6.239159157	1.7901701	6.559600223	0.662973764	0.045574957	0.613184438	0.57911056	-1.478152512	0.713513523	0.536328655	0.291410401	1.329399265
4.830419384	0.568813492	3.59019368	-4.796811716	4.830419384	-1.078254151	0.062509238	-0.047286287	1.143026669	-2.390104006	-1.046438481	0.821755107	-0.297355592	2.981636814
11.36553886	4.109578864	16.06636524	-10.59654827	11.36553886	-0.786917436	1.481924353	0.445664941	2.831225809	-1.222565422	1.571372446	-0.329226953	-1.707886672	-1.41140033
11.85071148	8.943269006	14.75491255	-7.775429376	11.85071148	0.015987553	0.498616133	-1.206237075	-1.694173948	1.34845351	0.755929454	1.062054317	1.26376599	0.526512956
11.6057933	6.650664598	12.95688652	-9.511209103	11.6057933	-0.048622209	0.172535749	0.158670759	-0.538775154	2.018692736	0.728908475	-0.768462509	-0.651328253	-1.559820298
7.881671846	-0.218217279	10.89401509	7.878650412	7.881671846	1.847642139	0.209191513	0.109393407	-1.555133418	0.085078129	0.332368556	-1.083385862	-0.655608692	1.089330373
4.997998239	1.408146427	18.86695583	-4.795530215	4.997998239	-1.515709126	0.427519489	0.052361571	0.64635381	0.055755174	-0.871165571	-0.664357573	-0.254235148	0.354293158
5.436070022	3.599480863	2.615123832	-4.073646377	5.436070022	2.393487961	0.957326672	-0.806385346	1.095050056	-0.884860171	-0.874766751	-1.289185893	1.247450482	0.397665631
11.32365219	3.648753056	3.457999103	-10.7196875	11.32365219	-0.211425457	-0.121085475	-0.998381408	-0.183178071	0.241631081	1.780397277	-1.303686107	-2.161337899	-2.237485166
8.918873803	-7.801666047	7.960871349	4.322073208	8.918873803	0.288557348	-0.350446602	0.231184899	-0.625795036	-0.27095387	-0.382896303	0.253943395	-0.492059902	-0.778224825
5.421984926	3.53257119	13.86921921	-4.113254347	5.421984926	0.342377408	0.297867505	1.255547362	-0.684861125	-0.846176854	-0.262577021	0.70234428	-0.516400045	0.885591811
9.407014601	-9.40553051	12.22836093	0.167091394	9.407014601	1.542389637	0.442816416	-0.254689141	2.343095904	-1.402011807	1.006630577	-0.224682878	0.109274485	2.094619921
7.536251171	2.354410987	6.359794993	7.159038386	7.536251171	-0.568562534	-0.526098209	0.780377718	0.430516373	-0.196684526	0.122438724	0.689818692	0.030765994	0.143605267
6.147537788	6.091066345	12.44202032	-0.831343277	6.147537788	0.024184914	0.304940898	-0.836619462	-1.91654267	-0.42162568	1.043287221	0.727231241	-0.041990994	0.425238418
12.66417373	12.60365274	13.15898843	1.236621946	12.66417373	-0.598257835	-0.151118394	-0.925315331	0.496125924	-0.314214507	-1.018659353	0.958251106	0.138976402	-0.079365435
13.72509642	5.497002553	15.37915546	12.57621702	13.72509642	-0.881165051	-0.459462556	-1.21531995	-0.966836164	0.282268786	-0.506855846	-0.423168422	0.37795723	0.402174424
10.55163037	-4.531971732	10.33607636	-9.528805579	10.55163037	0.326691415	-1.257861636	-1.94742556	0.849671737	-0.367712095	0.500180064	1.833981998	0.290075724	0.426286296
12.60722679	12.59670609	18.84929923	0.514939754	12.60722679	1.782717999	0.059559841	0.204207577	0.501122865	-0.04655591	-0.346846788	1.71213356	-1.00188613	-0.438040519
13.47190077	8.31578086	5.881911169	10.5990518	13.47190077	1.363279465	0.405828828	0.321802601	-0.679231553	-0.86253523	0.940860105	0.690268709	-0.342068162	-0.125113588
11.88534867	9.234080594	15.13643649	-7.482864991	11.88534867	-0.424473057	2.0281268	0.643760177	0.216259421	0.006154824	0.767010874	1.122062813	0.60682534	1.343551529
14.02253996	1.603843849	10.48004704	13.93051728	14.02253996	-0.82706742	0.573902808	-0.877912239	-2.332029104	0.368263538	1.116525598	-1.72579404	0.910283821	0.399108567
5.960056824	5.651603965	18.12744791	-1.892524758	5.960056824	2.608437892	-2.146497936	1.559252526	0.247816709	-0.290856683	-2.232396465	1.402037251	-0.726651348	-0.746456615
7.901324816	-0.373934134	4.637748467	7.892471546	7.901324816	0.936333297	0.203023008	0.949226003	-0.216318591	0.666474883	1.164211716	0.08363568	-0.380225164	0.002054386
7.113386129	4.799597621	10.67063675	5.25015475	7.113386129	0.732736702	-0.434452269	-0.076984331	0.733228182	0.551373404	0.081510167	-0.420885451	0.437180121	0.107793105
5.531633976	4.041580726	10.94583492	-3.776850497	5.531633976	0.671828959	0.129068927	1.826435778	0.254091475	-0.173124539	-0.268044173	-0.592125739	-0.086036008	-0.50992602
5.979075435	5.704718825	19.1349405	-1.79039833	5.979075435	0.088298824	-1.857080224	-0.130450739	0.269006175	-0.045110915	0.643085552	1.108368233	-0.239216065	0.762447127
9.504822108	-9.474389353	3.241191202	-0.759993215	9.504822108	0.512916661	0.708566992	1.11898101	0.871936863	-1.683705934	2.073792098	1.620143332	-0.763586543	-1.32816079
9.032457161	-8.34620926	8.973447654	3.453414738	9.032457161	-0.118853575	0.163921334	2.201730727	0.746615671	0.083411762	-1.01217578	0.918626965	1.068276777	-0.138436024
7.048449853	5.083335864	0.356919473	4.88265725	7.048449853	0.08848154	0.869374054	0.285977281	0.055455514	0.0539364	-0.45313732	0.06161703	0.88332448	1.919379583
10.57810702	-4.288856892	16.3341074	-9.669646045	10.57810702	1.47673939	-1.629840441	0.917647706	-1.964087881	-1.086836169	0.470429355	0.886734029	0.195019019	0.564305394
5.017261066	1.506037082	11.96247141	-4.785891861	5.017261066	-0.184493753	0.871102396	-0.254369123	-0.584184688	0.543984167	0.813740087	-0.087663266	0.138320515	-1.045586228
7.289145723	3.901713668	9.40600044	6.156969694	7.289145723	0.928373596	-0.34213762	-0.241875895	-0.992527527	1.238067313	-0.310843429	-1.104923616	-1.028281029	2.09313974
9.813802291	-9.080510644	5.719751448	-3.722236136	9.813802291	-2.128173818	1.857967432	1.054145596	0.759024496	-0.410172311	-0.013187494	-0.310618555	-0.993562578	0.538736924
13.66931237	6.164483308	0.241328546	12.20037893	13.66931237	0.196423925	-1.029222336	-2.015369546	0.54766985	2.157442519	-1.551275045	-0.054657191	-3.213056803	0.544414347
12.59344831	12.58883183	5.611055397	0.34095995	12.59344831	0.842216403	0.417452225	0.692310166	-2.789614589	1.501954569	1.800962795	-0.510032051	-0.89644311	1.140360416
5.230394845	2.589822697	18.25126557	-4.544210452	5.230394845	-0.820169858	-0.068796318	-2.401607069	1.141552247	-1.590648132	0.796642835	-0.431896607	0.20261299	0.736282167
9.855425372	-8.955582385	20.83083715	-4.114237888	9.855425372	0.815366225	1.029439063	0.694853752	0.705723771	1.529628514	-0.865250493	-1.044151076	-0.428585875	-1.556919712
10.04844629	-8.156741425	7.438077454	-5.868461658	10.04844629	0.673039464	-1.565502923	0.583202762	2.259132516	-0.369892876	-1.20592759	0.151404714	-1.803335865	-0.702319071
12.43888946	12.3379513	3.075694803	-1.58143248	12.43888946	0.843677776	1.282813379	0.848699656	-0.114240517	-1.128171014	0.115656039	-0.06172645	0.300000846	-1.089983369
10.58515784	-4.223385146	8.696437877	-9.706110669	10.58515784	1.490037345	0.952470601	0.91544175	0.502175112	2.751974078	1.849810546	0.259709092	1.186467632	0.726323159
13.40288751	8.980637514	9.415576747	9.949147874	13.40288751	-0.373706194	0.724970349	-1.161616801	-0.620121198	0.455346923	1.32855505	0.023854205	0.166135987	0.955899191
7.961333859	-0.853026247	2.193597461	7.915502703	7.961333859	2.481094182	-0.034484012	0.570817231	-0.369813971	0.855838686	1.05592868	1.182959771	-1.031913367	-0.227051537
6.69588133	6.133714092	19.18411844	2.685587129	6.69588133	2.568932894	1.07738487	0.204622005	0.009827862	0.39166488	-1.073747332	-0.228616164	0.296575816	-0.078726313
4.982290055	1.328458359	19.92110285	-4.801917594	4.982290055	-1.201594556	0.366117997	1.062118228	-0.798655839	-0.687528328	-0.173913466	-1.548702803	0.330169768	0.227815147
6.348102598	6.334731035	20.48713035	0.411812234	6.348102598	1.706663545	-2.049243931	-0.515560438	-0.132328959	-0.369244213	-0.651149837	-1.932844424	-1.881352734	0.121230149
6.387828392	6.352886374	16.99999651	0.667222807	6.387828392	0.393163706	-0.646020606	2.114046541	-0.08278743	0.034745631	1.307295868	0.754225709	-0.670204227	0.048653236
5.989022624	5.731765643	12.99564901	-1.736448848	5.989022624	-1.328388673	0.626304531	0.204244828	1.590077548	0.65922846	0.464465032	-1.209213472	0.185610883	-0.48381729
10.74027537	-2.712291632	6.216950493	-10.39215999	10.74027537	0.98930993	0.596161364	-1.00193143	0.162299004	0.557079897	-1.070390552	1.075282573	-0.28252862	-0.892716799
6.776080906	5.969499722	17.66360355	3.206297789	6.776080906	0.223314049	0.253639819	0.119771058	-0.439899986	-1.440776704	0.384329334	-0.318837478	-1.040700635	-0.137686331
9.533049683	-9.477227393	18.57053402	-1.03014426	9.533049683	0.039231578	0.869061555	1.867339997	0.507976503	-0.449919521	2.262329669	-0.734868713	-0.40705843	1.970150095
6.28421298	6.284209661	3.890019238	0.006458111	6.28421298	0.823005405	-0.180653558	0.266704608	-1.150201387	0.999822708	-0.112959604	0.498592287	0.305967609	0.002094087
8.154222273	-2.411611969	18.31483233	7.789445975	8.154222273	1.358497595	0.666710507	1.7501124	-1.954826674	-0.193609859	-0.763749657	1.758043471	-0.447628927	-0.498463829
10.92907326	-0.726258984	16.43182002	-10.90491588	10.92907326	0.791424779	-0.420269401	0.258906717	-0.266147225	-0.8646162	0.350752165	0.886455326	0.689081072	-0.266613698
12.00022253	10.12786792	0.101885965	-6.436740811	12.00022253	1.666536223	-1.694876064	0.444124873	-1.821555227	1.452905439	-1.773005517	-0.044112362	0.439544837	-0.029996952
12.64661977	12.60591997	7.065677286	1.013791563	12.64661977	0.127952047	-0.462124543	-0.174084596	1.341291778	-0.693656071	-0.568161338	0.429772828	-0.583633315	0.46644074
5.498895413	3.892613139	2.344930206	-3.883994557	5.498895413	-1.616355874	0.854142814	1.923100846	-0.377099943	0.165274494	1.829413415	-0.16184899	0.91248229	-0.057785356
12.88980824	12.22145169	15.59597472	4.096739566	12.88980824	0.149762031	-0.484355705	-0.816494345	0.737965116	0.202652693	-0.878481014	0.237793198	-0.6286668	-0.330379174
12.99774365	11.80705302	7.851169139	5.434596499	12.99774365	0.396472549	0.997804608	0.054744133	0.656559963	-0.965375329	-1.552736542	-0.974776898	1.390997912	0.980659457
8.61806885	-5.962654343	12.31085527	6.22236803	8.61806885	0.675306906	1.560455911	-1.514387852	0.223501719	-2.018376288	0.029720754	1.153338818	-1.049800386	1.049153148
10.26083181	-6.878821589	19.10582994	-7.613572286	10.26083181	-0.699102467	-0.236803195	-1.010718314	-1.054392805	0.230568208	-0.197589273	0.679310762	1.09561754	-0.393770307
7.307143826	3.799632758	12.39943973	6.241565653	7.307143826	0.004675895	-0.102954412	-0.894699211	-0.58775053	-1.37926394	-0.181687927	0.746416265	0.60360302	0.536865292
7.191968767	4.420944611	4.328502896	5.672712182	7.191968767	1.396665588	-0.389968463	1.106123796	0.345316486	-0.819744612	0.806609433	0.12177211	-0.747390205	-0.495269977
7.909953234	-0.442501604	4.160686811	7.897566238	7.909953234	-0.16727106	-0.290695869	-0.964197527	1.053674518	1.034205548	-0.027504659	-0.505613187	-0.352392059	0.258263783
10.61035482	-3.986973767	11.56826986	-9.832785445	10.61035482	-0.938521525	0.896806473	0.991061182	0.27010667	-0.686589992	0.093650359	-0.402578455	-0.009505689	0.529182402
9.365775084	-9.349477091	18.05801267	0.552287097	9.365775084	-0.5008479	1.534079309	1.795546919	-0.50907828	-0.980778622	0.440092972	-0.244272657	0.323262576	-0.314598474
5.845955162	5.296014361	0.655895451	-2.475363336	5.845955162	0.291876679	-0.812789283	-1.050650152	0.942937846	0.771282355	-0.794567908	1.188503612	-0.500708152	1.20547442
7.021499079	5.193132398	5.803651229	4.725761866	7.021499079	-0.718149716	-0.116893114	0.617841461	-0.506946926	1.95871375	0.071151368	-0.278240407	1.506116072	1.160691267
12.50704473	12.48504153	17.78935389	-0.741556324	12.50704473	-0.445837085	-0.586452007	-1.287999727	-0.049282033	2.173436677	-1.248081308	0.159412014	0.839481895	-0.322730057
6.035709233	5.851823892	16.69288181	-1.478493518	6.035709233	0.698391785	0.33255876	1.017301348	-0.192612994	1.375785732	1.399764085	1.79684762	0.235420347	1.028249599
12.29370689	11.8395402	13.89322649	-3.310667129	12.29370689	1.822927817	0.38383095	1.22827336	0.684705148	-0.98084857	-0.970528556	-1.665196247	-1.077252771	-1.120377025
8.466209854	-4.865466398	8.350630999	6.928488004	8.466209854	0.167184022	-0.23628979	-1.008152694	1.369979887	1.608291818	-0.721731675	0.213333754	0.495902304	0.060986213
10.54241548	-4.615550688	9.663006999	-9.478355128	10.54241548	0.711192483	0.127328551	-0.590882515	0.751717991	0.490818645	-1.05434769	-0.06306606	-0.940206706	0.620609297
9.462429408	-9.455723082	4.901589228	-0.356189993	9.462429408	-0.242729647	1.021178117	0.750547359	0.270117114	0.226450679	-1.54478048	-0.720108648	-0.779662051	-0.204659911
10.10254957	-7.869603082	19.38211939	-6.33489188	10.10254957	1.026803792	-2.003927818	-0.561300875	0.302718775	0.478474496	2.377205176	0.607544909	0.283067072	1.067623002
13.32693862	9.654628496	9.329856345	9.186699165	13.32693862	-0.828685211	-1.118936612	1.490538635	-1.252642795	-2.139011615	-1.136941345	-1.789126768	1.555310569	1.207673959
8.599193921	-5.831352839	13.18245221	6.319925644	8.599193921	0.445565387	-0.967538126	0.114060734	-0.13480052	-0.365944307	1.576685972	1.011169221	0.403379594	0.236540298
8.723734098	-6.666409741	2.455281186	5.626945687	8.723734098	-0.946232813	-0.663372192	-1.310161955	-0.522738855	1.217957704	0.620981401	-1.558317915	-1.193085359	1.254665589
5.782904488	5.074197374	10.40847276	-2.773897139	5.782904488	1.4520159	-0.084123155	0.168243015	-0.81454285	0.685084005	-1.621086632	0.267113169	-0.636152991	-0.8987834
6.738352112	6.052305062	11.52102465	2.962261404	6.738352112	-0.88952152	0.06650718	-0.848660929	0.936303459	1.268552772	1.124358494	0.755217694	0.622231362	-1.431166373
10.84245154	-1.653745851	16.14049732	-10.71559051	10.84245154	-0.494850143	1.291937129	-0.199738814	0.956657785	0.12512397	-0.771180487	-0.142983877	-0.981862855	0.327262754
4.951339701	1.171899377	13.860518	-4.810656576	4.951339701	-0.876698666	-0.102166218	1.172872389	1.343880954	1.2317762	-0.674613116	0.562600249	-0.850667379	0.760173191
10.03969571	-8.200633267	9.734441888	-5.791813535	10.03969571	-0.470676819	-0.342502047	-0.110891909	-0.99212466	1.22765086	-0.108477128	0.694036227	0.626192186	0.900033384
9.375625644	-9.364302401	6.491873534	0.460648189	9.375625644	-0.578569686	0.647710167	0.323394139	-0.190642016	-1.863799553	0.676399991	-0.875569517	-0.403167554	1.14142696
9.586591808	-9.461359098	14.44340207	-1.544482601	9.586591808	0.886711304	-0.640997037	0.132368137	-0.128435041	-0.85615571	0.842685861	-1.252912474	-1.040931687	-1.615334963
6.153846639	6.10244607	9.773927361	-0.793713064	6.153846639	0.175117328	0.104819043	0.155781237	0.116071922	0.928277175	-1.039897195	2.324780631	0.756019143	1.9137429
13.56182834	7.379247274	8.800643698	11.37848398	13.56182834	0.732990856	-0.077100948	-0.032940738	1.796819238	-0.921483733	0.516113217	1.743010975	-0.083875487	-0.951242364
6.490634025	6.351472048	14.45048751	1.336836888	6.490634025	1.417351803	1.26377848	-1.448451541	-1.174572695	-0.020918819	-1.258526092	0.696256809	0.901838276	1.623536264
8.363170786	-4.076790038	7.464120264	7.302219428	8.363170786	0.587988938	1.602962926	0.024507446	-0.970538631	-0.794348779	-1.966460301	0.448837038	0.571179877	0.417761832
11.230322	2.612146172	2.507986243	-10.92230857	11.230322	0.116233315	-0.776605864	0.183415492	-0.047473731	-0.638246374	-0.380571542	-1.282430761	1.016154175	0.919265675
6.2775869	6.277488524	4.649372325	-0.035144303	6.2775869	2.209537484	-2.128421662	-0.129387216	-0.076644383	0.252502161	-0.222359492	-0.168247284	1.418395314	2.089221871
11.35764362	4.022992769	5.27662163	-10.62128042	11.35764362	-1.441037605	0.045464403	0.903896156	1.470320545	-0.510593373	-0.498110805	1.949874266	2.256003598	1.341831725
7.773385108	0.625829775	10.1106821	7.748151595	7.773385108	-0.197583046	-0.061606504	-1.441969523	0.69860456	-0.550959771	-0.514912921	1.806636133	-0.809329284	1.071967753
5.595153515	4.322241308	1.116206031	-3.55302307	5.595153515	-0.109072547	1.509597852	-0.217299972	0.404410238	1.15089806	-0.438664994	-2.770354266	0.987807237	0.19217296
6.537000113	6.327564931	15.86960459	1.641430023	6.537000113	0.355435806	0.064086808	0.345404451	1.084793304	-1.145206498	-0.374232613	-0.728275351	-0.571389786	2.135816476
13.40871283	8.926406471	13.84532164	10.00564078	13.40871283	0.189738306	1.791244523	0.559949457	0.891521829	1.802815163	0.528531005	0.35423691	-0.524330302	-0.029235498
6.587369716	6.284953794	7.535516115	1.973016875	6.587369716	1.97341928	0.085394859	-0.176236261	-1.567633727	-0.379490427	1.493250721	-0.052412424	-1.226851397	-0.945868777
12.04059594	10.41433772	14.79601072	-6.042972813	12.04059594	1.053115586	-0.494234247	0.642775371	0.244868606	-0.605980282	-2.301770164	-0.875454449	0.848663091	-0.988982738
12.4897386	12.45308376	6.114572653	-0.956177368	12.4897386	-0.278292101	1.28076348	0.412989332	-0.394524888	-0.484945802	-0.737658738	-0.05635392	0.681405407	-0.044169759
6.659755167	6.193115972	12.00612562	2.449010706	6.659755167	0.434233363	-0.210512163	0.474663674	0.37138361	0.899231614	-0.874477725	-0.603093028	-0.121869811	0.215988826
6.935197527	5.512541758	14.66147327	4.208188222	6.935197527	2.241622726	0.383165844	0.654339647	2.25118799	-2.759446839	-2.104171839	-0.199814439	0.187504947	-1.593110527
7.200165213	4.379285794	5.597576975	5.715263339	7.200165213	-0.281194651	-0.087620336	-0.06271219	-0.733550993	1.467833555	-2.636570664	-0.187160933	1.059751089	-1.795879675
7.053209489	5.063455615	5.992694241	4.910110114	7.053209489	0.940337689	0.663090623	-0.587988557	-2.55768852	0.257267002	0.470133568	-2.055515241	-0.856197895	1.019947653
13.64107929	6.492996474	7.831119405	11.99666791	13.64107929	0.046243794	-0.356142498	-0.722498245	0.077527675	-0.020531602	-0.412197433	0.794756168	0.585565282	-0.648709984
5.365890034	3.262299217	8.950352754	-4.260302769	5.365890034	-0.057764086	-2.721752515	0.217882669	0.82106288	1.249451557	0.371633423	-1.160877151	1.9997186	1.003230956
6.4206884	6.360085675	11.67693157	0.880085073	6.4206884	2.048838671	1.182506894	-0.500105329	-0.105886086	-1.200768819	-0.118879427	0.278334568	-1.64538637	-2.165639853
8.850026592	-7.428070614	15.38263164	4.811105656	8.850026592	-0.153082601	-1.491680241	1.71E-04	-1.26064583	1.306104709	0.602085479	-2.055227905	0.683984698	-0.413776329
12.97763851	11.8954941	7.995141567	5.188094202	12.97763851	-0.590108852	-0.359346336	-0.311747508	-0.886394552	-2.072615936	0.627131568	0.608782619	1.385464452	-0.323395155
10.45560829	-5.375299614	14.08969288	-8.96804877	10.45560829	0.059094971	1.274115345	-1.122924307	-0.307338493	0.72212408	-0.107396113	-0.213111356	-0.576259912	-0.783414213
9.596444165	-9.455390893	16.58157685	-1.639305851	9.596444165	-0.286779827	0.568807948	1.31480241	-0.851473286	-0.381824706	-0.007349988	-0.194289812	0.928169067	0.592966685
13.05379004	11.53360316	8.473267486	6.113708561	13.05379004	1.332560124	-0.993890794	-1.966616589	0.584389175	0.717867739	-0.711553345	-0.418136161	0.353296908	0.441461159
10.98764077	-0.087169778	9.401401505	-10.98729498	10.98764077	1.241944841	-0.586464199	-1.232485289	-1.452424839	-0.786357102	0.524387658	1.224704681	0.332284666	0.399653882
7.480275983	2.730808054	8.523625196	6.963994267	7.480275983	-0.003479913	0.534221354	0.314710913	-1.816314165	0.597406304	-1.419849777	0.128148002	2.346668927	1.748127126
11.81303344	8.616545355	6.30693115	-8.081021301	11.81303344	1.555059689	0.67777472	1.428942377	-1.296515795	-0.712999147	-0.078930153	-0.332680427	0.254444543	-1.096376186
7.730304308	0.953627892	12.07937495	7.67125795	7.730304308	-0.490498298	0.263852243	-0.626436843	0.042707717	-0.691088905	-0.523121522	1.030773982	0.091939642	-0.230810443
9.935914204	-8.665997619	2.415810185	-4.86033706	9.935914204	0.663881313	0.089919522	0.022937135	0.263825672	0.91717616	-0.664052419	-0.296162868	-0.34013878	-1.722309282
9.793973452	-9.134035607	10.003559	-3.534304672	9.793973452	-1.347581149	-0.129694366	0.571666961	-1.108173238	-1.943353652	0.166286005	-0.170848007	-0.225492676	-0.052775205
11.68625139	7.444834549	10.11186016	-9.007935952	11.68625139	1.31256467	1.292960422	-0.574423083	-0.020335423	0.26465376	0.108781503	-0.970987992	1.35466179	-0.799322579
8.573336287	-5.648965784	2.033766155	6.449130225	8.573336287	-1.50471146	-0.937188403	-0.169289695	0.623391362	-1.738973793	-0.101560232	0.030790302	-1.123554156	0.21251352
4.925735701	1.04293549	15.32328777	-4.814058346	4.925735701	-0.789967842	1.74379641	0.009448063	-0.596260667	0.151245231	-1.211628797	-0.301289459	-0.148864888	-0.289197747
9.043409811	-8.393697716	20.58448661	3.365872795	9.043409811	0.836041737	-0.591003247	0.655522543	-0.418970824	-1.944894471	-0.065271842	1.095575907	-0.038837881	-1.35034838
9.186096755	-8.925676523	10.33158794	2.171790088	9.186096755	0.290691126	-0.224636332	0.625582358	1.241783967	0.477437328	0.252202809	-1.783509743	0.778319422	-0.324693015
10.16631515	-7.496957791	18.70669967	-6.866555725	10.16631515	0.160830867	1.121227266	-0.721397136	-1.133725126	0.757549013	0.387842479	0.701777115	3.389752988	0.456558985
11.82213161	8.696402844	3.869343183	-8.008456366	11.82213161	0.107741986	0.33047058	0.124910353	-0.608968047	-1.001620414	0.476833439	-0.092985166	1.670493771	0.417096739
6.271308011	6.270865669	4.742686925	-0.074484431	6.271308011	0.517886954	0.083223062	1.730043481	-2.436647763	-2.566670377	1.78686096	-2.095284455	-1.563081383	0.2845125
5.94180403	5.598921107	10.67626358	-1.989250504	5.94180403	1.881336978	-0.622384718	0.748395862	0.109699176	1.131918866	0.401811702	0.879022937	-0.852481797	-0.625097445
8.726579072	-6.684570509	4.953323933	5.60978604	8.726579072	1.255299967	-0.741912411	-1.331959424	1.51014181	1.370631611	-0.214770507	0.085842844	0.621335584	-2.444184926
8.433742537	-4.620205944	4.000197758	7.055615509	8.433742537	-1.137309748	0.067409502	0.462318661	1.179909724	0.208951182	-1.514755251	0.708478304	0.061056625	0.683643063
6.724849587	6.079543296	15.5406087	2.874500875	6.724849587	0.915563779	-0.394017286	-0.960949686	-0.342028684	-0.927186365	1.836892456	-2.283692972	2.047395176	0.513529065
13.95519735	2.525430138	11.75346238	13.72478545	13.95519735	-0.125451153	0.239602687	0.616513561	-0.498535124	0.732703715	-0.040799261	-0.118238793	-0.024867676	-0.059337156
8.600737967	-5.842152955	9.03994659	6.312047404	8.600737967	0.740722513	-0.32892449	0.10607122	-2.088834812	-1.028471893	-0.894551524	-0.762122563	-0.132622403	0.618552052
12.82854368	12.39018007	5.164739513	3.32490164	12.82854368	1.013721956	-0.146529701	-1.598614847	-2.096701874	1.59354791	1.20702332	1.944148423	-0.701904955	1.011554573
4.913174931	0.979881413	1.014715945	-4.81446989	4.913174931	-0.235770076	1.21713308	1.157404643	-0.293126309	-1.140435887	-0.019770226	0.786130898	0.305803859	1.476574545
5.607644219	4.376030096	4.802910649	-3.506570159	5.607644219	-0.023135945	-0.18999936	0.609173406	1.345715443	-1.153405929	0.642469054	-0.366942713	0.635448675	0.157297027
11.95892024	9.819540593	14.3499006	-6.825862285	11.95892024	-1.372245145	-0.446965795	0.346795214	-0.981515769	1.397063033	1.629659431	2.621304964	-1.137400134	-1.48588572
6.652119717	6.204512883	14.791585	2.398899042	6.652119717	-2.308240208	-1.713459009	-0.526623309	-0.143562348	0.821168065	-1.463359828	0.270117307	0.951211954	-0.32341683
7.663700244	1.449475582	4.212075495	7.525378527	7.663700244	-0.862611993	0.44986334	0.922454258	0.620817483	2.001892981	-0.463473568	-0.331621899	-0.066740114	-0.65009558
13.52063074	7.817798676	15.88170936	11.03129545	13.52063074	-0.694731093	0.461957325	-0.080902975	-0.801758782	0.979163688	0.672022711	-0.113183916	1.748416812	-0.176838447
12.34142019	12.03048016	6.919799072	-2.752852972	12.34142019	-1.908396103	0.75968283	0.792306103	-0.427933458	0.869514064	0.479431293	0.416382972	0.681314724	-0.434053052
7.43439834	3.028624663	12.80453474	6.789529536	7.43439834	0.190983092	0.386823262	-0.845244672	0.124182741	1.534627077	0.484848159	-1.131699429	1.627289528	0.582184719
13.33630249	9.57490626	5.551468074	9.283217885	13.33630249	-2.252876136	0.481199675	-1.54319046	-1.868720957	-0.767968829	1.412067943	-0.075504454	-0.976331644	1.404746482
6.849951519	5.778904235	6.988338807	3.677784885	6.849951519	0.305678586	0.489466974	1.411683026	1.359306368	-2.23973197	-0.255036999	-0.637851144	-0.599562984	-0.120469226
5.642681162	4.52427119	15.1069489	-3.372064783	5.642681162	-0.054469559	0.453540266	-0.297970729	-0.047798799	0.646114708	-1.303546071	0.944082776	0.346647453	-0.318988319
11.89071006	9.27824974	4.289699193	-7.436603223	11.89071006	-0.113696735	0.428813622	-1.137319792	-1.053221821	-1.115158958	-0.628061733	0.087040139	-0.097870833	1.288309045
9.082296741	-8.554836089	5.434806423	3.050064523	9.082296741	-1.318501324	-1.078082023	-0.349849408	-0.631314351	0.864823361	-0.73392883	-0.030515988	-0.890499668	0.676322896
11.75493444	8.092772972	12.86372757	-8.5255797	11.75493444	0.766342841	-1.787783397	-0.590288215	0.262996465	-1.982452609	1.707596964	1.133181864	0.006885332	-0.551800485
6.19940693	6.177663402	7.938715649	-0.5187689	6.19940693	0.070157428	0.033599256	-1.526052302	-1.156645202	-0.55135771	0.626432151	0.872421013	-0.153923764	0.114171275
5.818130177	5.200226382	5.677579355	-2.609268926	5.818130177	0.201010882	0.737158472	0.010832982	-1.749162549	0.664883235	-1.939776156	2.004733943	-0.244119431	0.611459501
12.69220815	12.59184959	5.284637318	1.59294434	12.69220815	-1.460941348	-0.917435195	-0.912129835	0.402846125	0.337741035	0.981994649	-1.256588489	-0.223775515	-0.190992194
13.08729876	11.35136844	15.45766438	6.513357292	13.08729876	-0.156661042	-0.067738234	-0.163811463	-0.638349549	-0.266909459	-0.792371526	0.321856808	-1.429831489	1.621985574
10.88190214	-1.234306983	5.944611141	-10.81167335	10.88190214	0.543493102	0.234966973	0.488460618	-0.319174816	-1.542719019	-0.189086824	1.116751525	-1.052774929	-1.273876085
12.34958539	12.06053056	15.05338238	-2.656287237	12.34958539	-0.048719935	-2.045697595	0.581474731	0.548240152	0.638341939	0.163054209	2.061302965	3.001165639	-0.54036437
8.861754903	-7.493902586	12.43351312	4.72991797	8.861754903	-0.47432296	-0.492280825	0.458220413	2.064618267	0.439434589	0.009057176	0.481480969	0.242035494	-0.230623778
6.080899975	5.956910384	8.298835882	-1.221705029	6.080899975	-0.144843664	0.748112468	-0.221616185	-0.107199799	-0.677939724	2.417044853	1.108544432	-0.210056515	0.494017749
7.240382174	4.169113661	7.521892965	5.919596718	7.240382174	0.567385705	1.170448287	0.578311653	-0.620770831	0.130887766	0.551230314	-1.227654479	0.646260748	0.999524843
11.31273314	3.528083697	1.458851112	-10.74851415	11.31273314	-0.983560019	-1.447867814	0.300676395	0.590083886	-2.331071683	1.43108509	0.080009665	-0.191081895	0.242356674
9.052773956	-8.433571415	10.54101104	3.290530275	9.052773956	0.307146214	-0.009565683	-1.343489022	0.087395502	-1.544511184	0.254713415	-1.149039314	-0.640420234	1.484722151
13.11790843	11.17278125	15.25677365	6.873753041	13.11790843	-0.226085761	-0.342656969	0.112536356	0.183206341	-0.162313783	-0.713296273	2.150635998	1.794022692	-0.763348563
11.01685253	0.234401575	11.13544933	-11.01435861	11.01685253	0.56631278	-0.645690049	0.150216441	-0.701928585	-1.739536281	0.431804025	-0.394140172	-0.538809255	0.642859645
7.761376901	0.717713397	16.29889489	7.728121304	7.761376901	-0.826620817	-0.256784431	-0.789999616	0.124712563	0.966305278	1.914331109	0.197530251	-0.841890112	1.058197589
14.0926684	0.626896245	10.46418404	14.07871811	14.0926684	-0.507821715	0.174863147	-0.337019474	1.363030178	0.05352153	0.667765023	-0.403348276	-0.844113132	-0.097291893
5.525280377	4.012888241	1.43398371	-3.798085203	5.525280377	0.553782274	-1.148979065	-1.875746148	-0.035454556	0.579717307	-1.024862674	0.557186676	0.666401347	-0.849091166
7.592016454	1.966174228	19.90276021	7.332998892	7.592016454	0.922295945	-0.110563785	1.702534263	-0.195571257	1.047605753	-2.561568848	2.548754717	0.691039097	-1.477584772
11.74059056	7.95992991	10.21629512	-8.630236533	11.74059056	1.08278981	-0.902740173	-0.715020378	1.76224318	-0.727460093	0.780353899	-0.163695205	0.239734761	-0.108176705
9.728940115	-9.282364417	7.757221767	-2.913758155	9.728940115	1.470407368	-0.968131345	-0.311258724	-1.867874363	1.499841713	1.078785005	0.699813236	-0.03127346	0.34655387
12.00357489	10.15222455	18.17655059	-6.404541116	12.00357489	-1.531117744	-0.987502661	-2.003624626	1.709971355	0.91608072	-0.202412881	-0.208308088	0.293412523	-1.024850609
13.58487106	7.127209524	4.364704077	11.56510294	13.58487106	-0.574365625	-0.434312519	0.294529514	-0.105389841	-0.513822126	-0.103743174	2.421188641	0.744065335	-0.717287022
4.720591474	0.038720189	15.04777342	-4.720432672	4.720591474	0.432728412	0.144861789	0.798056329	-0.79759349	1.234894191	-0.399343005	-0.937016723	0.505653344	0.266688218
5.189449433	2.382838566	14.22610426	-4.610039673	5.189449433	0.219557965	-0.768941197	0.22886228	2.320354357	-1.45934022	1.446190768	0.568897267	0.602303528	1.538689533
9.637580557	-9.420184165	5.441490013	-2.035458005	9.637580557	0.560729211	-0.151221743	-1.47737673	0.576086037	-0.365334371	-0.709363414	-0.30719422	0.400010518	0.881713839
5.939948165	5.593472072	14.4930049	-1.99901335	5.939948165	0.111102973	1.548155864	-0.434558107	0.240321361	-0.636918221	-1.311248859	0.61526976	1.719802674	-0.620739977
8.189707344	-2.698135537	11.72469917	7.732488021	8.189707344	-0.077776552	-0.77358185	0.077687301	-0.41296441	-1.194819496	-1.287643514	1.376105057	0.920156378	0.672858898
14.05790198	1.113132574	0.214031452	14.01376266	14.05790198	-0.086294653	0.917827614	-0.573590467	-1.78590697	1.317190726	1.283428688	0.058164501	0.126938029	-0.061322009
6.32530852	6.319697647	3.009131647	0.266363532	6.32530852	-1.234081087	0.952995438	-1.612476824	-0.199169194	1.182234024	0.244700001	0.30047786	-0.69334213	-1.146639063
5.405695478	3.45469252	7.2350865	-4.157720913	5.405695478	-1.070358032	-0.020104685	-1.013171565	-0.573245858	1.030040066	-0.497731609	1.023716781	-0.879973999	-0.183725589
14.11141379	0.363373248	7.231719879	14.10673452	14.11141379	0.295527061	1.504267651	-0.212791197	1.070244752	1.215994983	-0.12622196	0.288347548	-1.065522829	2.178704659
11.07715067	0.902632011	9.543403458	-11.04031351	11.07715067	0.546050759	0.328026071	-0.379326962	-1.833161316	0.857230986	-0.546561443	0.063214287	0.679513539	-2.25133555
9.534984607	-9.477139588	15.27881723	-1.048692848	9.534984607	0.153948683	1.079207622	0.831478589	-2.85822422	1.594193052	0.291220776	-0.689706499	0.050083119	0.172737629
9.902673756	-8.793224099	11.14712945	-4.554355878	9.902673756	-1.326331708	-0.561013971	-2.34024029	1.108628257	-0.73509298	-0.044097671	-1.141197382	-1.750951056	0.098822878
10.54551345	-4.587512601	8.986596541	-9.495397938	10.54551345	1.409223382	1.369742968	0.128754551	-0.184853495	-0.44560229	-0.188642718	-0.685808789	-0.500974163	1.003361219
13.94642879	2.644015791	0.290144592	13.69350417	13.94642879	0.40018466	-0.524605934	0.586902738	-0.309535188	0.605331933	-1.345828127	0.639789723	-2.124144992	-2.171948247
12.19564571	11.3671341	18.63619184	-4.418374889	12.19564571	1.861970426	-0.081766708	0.791260529	0.624741795	0.028158121	-0.348479492	-1.667654581	0.461410039	1.724818866
12.84878822	12.33977721	15.91609943	3.580678304	12.84878822	-1.717898206	-0.739090391	0.946542947	-2.245709932	-2.20928136	-0.553480819	-1.417549356	0.763804099	0.818726075
8.222492979	-2.961964948	10.2545213	7.670472895	8.222492979	-0.518443031	-1.435287266	-0.498171009	-0.892491006	0.842478819	0.453776547	-1.912929028	-0.878015633	0.923719832
7.995040858	-1.124037957	19.81613624	7.915631181	7.995040858	-0.853692977	-0.189821141	0.104132281	-0.539531113	0.60453228	-2.114668533	-0.09419664	-0.064309606	-1.023205088
6.361035583	6.341769262	17.63037161	0.494708312	6.361035583	0.816362333	0.783980183	0.506350172	0.846203415	-1.535872003	0.74970224	-0.060329506	-0.766362965	-1.164046171
13.99773462	1.945418739	8.821539163	13.86188733	13.99773462	-0.075116398	-1.121123356	2.011413364	-1.638546978	-0.013126	0.166528667	0.675482646	1.125259849	-0.734103553
13.91539912	3.060754604	0.460203038	13.57461284	13.91539912	-1.411294969	0.175439285	-0.956697337	-1.035185376	-0.330910666	0.281580389	0.409599026	1.156873533	1.482427245
8.882686121	-7.609187096	4.735556316	4.582835854	8.882686121	0.060907791	-1.039641859	0.4922754	-0.677575734	1.498133708	1.08E-04	0.482975115	0.32723647	-0.048223458
9.368347696	-9.353435489	19.44926578	0.52837781	9.368347696	0.665795925	1.766814198	0.639964263	-1.627148191	-0.24419199	-0.97132771	0.623764673	1.616851733	-2.630997491
8.101260609	-1.982918109	18.43789383	7.854836677	8.101260609	0.216828442	-0.471509059	1.018165217	-1.063934309	-0.218801788	1.637972765	-0.201658216	-1.272695283	0.480732758
11.9071064	9.411890535	19.51100094	-7.293524475	11.9071064	1.363742849	1.033976501	-2.110873933	0.913660294	-0.33488333	0.708219648	-2.145648121	-0.770410262	-1.764227519
4.770883922	0.278913456	13.7408938	-4.762724082	4.770883922	0.850047939	0.09644816	-0.228778978	-0.247395924	-0.273636042	0.073933206	-1.920950166	-0.073440933	-0.87277905
4.746562238	0.162173926	11.43133945	-4.743790963	4.746562238	1.548577409	-0.924080949	-1.389676006	0.113131542	0.892117869	0.094376177	0.280499874	1.219685811	-0.218495172
5.03548187	1.598770184	10.12816288	-4.774935765	5.03548187	-0.186814997	-1.10646862	-0.59842185	-1.519364075	-2.618305587	0.319849887	-0.374830424	-0.558261657	-0.293701514
7.782266611	0.557627159	7.494383733	7.762262915	7.782266611	1.418502618	0.278797555	-2.079013398	-0.126850145	-0.354218395	0.401191968	0.676033741	-1.433532285	0.303278063
11.85462182	8.976566145	5.464427764	-7.742952843	11.85462182	-0.484079097	0.555376515	0.471980586	-0.707545211	1.760940329	-1.001438178	-0.220402311	-2.367121002	0.45259585
13.50298737	8.000747057	10.60209528	10.87744062	13.50298737	-1.009774126	0.81868076	0.330484648	0.598950326	1.877383638	0.107163323	0.424116867	-0.298569795	0.373210528
5.440796077	3.621838921	8.129650801	-4.060116352	5.440796077	0.213271514	1.89059837	0.310481689	1.341977501	0.269225426	0.598455652	2.080079891	-0.491280044	-0.578194311
12.05863906	10.53743767	4.363001982	-5.862864763	12.05863906	-0.090174644	0.23209262	-0.232710182	0.061884736	1.996602034	0.233459948	-1.458287063	-1.781335	-1.085435812
8.260639412	-3.267428894	0.800946995	7.586967241	8.260639412	2.242177674	0.542362881	-0.342239436	-0.333623494	0.685083044	0.262852143	0.513584351	0.648577022	0.981735659
4.834800364	0.590357649	7.473552244	-4.798621928	4.834800364	-0.408627139	-2.442247176	2.118164154	0.106018465	0.0506142	0.359182553	-0.640277981	0.033753148	-0.990931421
9.077582872	-8.535930893	5.282601832	3.088752918	9.077582872	-0.400248381	-0.657546456	1.196536097	-0.836326374	-0.988707095	1.30193046	-1.425339924	-0.325777931	-0.893881179
13.17470607	10.81116963	20.47064962	7.529375226	13.17470607	-1.451878263	1.192880515	-0.392852289	-1.80023223	-0.136709567	-1.00027407	0.286229816	1.377215822	1.916907151
13.1881905	10.71962096	4.367495175	7.682323551	13.1881905	0.98226442	-0.299925839	-0.186001395	-1.297616246	0.132670249	0.08445747	-0.736124455	0.988686083	-0.40736008
7.978258667	-0.988964003	9.595012168	7.916726695	7.978258667	-0.689376437	-2.791461423	1.333400584	1.214999729	1.36926042	0.225410387	0.241589209	1.122475394	1.151817424
12.93394988	12.06996187	3.702499695	4.647911366	12.93394988	0.891587661	0.184984018	-0.435263433	1.031357805	1.502220109	-0.658522091	0.682680926	-0.732264508	1.009008619
10.55621843	-4.490157018	17.07240021	-9.553650484	10.55621843	-0.585520606	1.111602938	-0.045676262	-0.610858812	1.79909113	-1.819935567	0.541980935	0.389989438	-1.395205732
5.612864543	4.398366585	10.02592036	-3.486921245	5.612864543	1.308959572	-0.322340833	-0.216658008	0.339087397	0.728664671	0.004198736	0.270515917	-0.395124505	0.522046825
7.007875742	5.246829294	17.5933827	4.645546767	7.007875742	-0.144347825	0.552545844	1.499739245	-0.735042744	-0.518549449	-0.826944596	-0.053448873	-0.182516777	-1.050743134
5.60188157	4.351274266	9.946812535	-3.528099968	5.60188157	-1.062429574	0.912564806	-0.059457703	-1.489579996	0.158971481	-0.565169233	-0.668595162	-0.46650592	-0.401580834
11.19451673	2.212403018	0.152191373	-10.97371759	11.19451673	-0.782787039	0.499980341	-0.196953323	-0.720736029	-1.75742029	0.079036241	-0.802201909	0.823569195	-1.24330284
10.69036378	-3.212389764	0.644010033	-10.1962949	10.69036378	2.534688729	-2.36388481	0.596183783	0.745168115	0.88423277	0.275824243	0.001448503	-0.114173566	1.189721018
13.28495207	10.0001193	2.691349962	8.745716989	13.28495207	-0.292880923	-0.311132275	-0.072712977	1.535692532	-0.139833127	-0.393027921	-1.08184767	-0.363217083	0.646043401
13.91822118	3.023047031	2.476964968	13.5859511	13.91822118	-0.982063898	-0.518641346	0.068139069	-0.067665569	-0.433138483	0.879766684	-0.974910279	-0.144246867	-0.849456383
8.622998952	-5.996687204	5.191150579	6.196438777	8.622998952	1.63447501	-0.191945294	-0.915965841	0.219542951	0.198868102	0.32902317	-1.103048097	-0.106254212	0.135924357
5.769317813	5.024210202	4.520997017	-2.83590195	5.769317813	-0.012398691	0.145243317	0.928173955	0.234944596	-0.872637925	0.606907127	-0.091581515	0.411088801	0.80889193
5.752702744	4.962068644	1.941672797	-2.910577888	5.752702744	0.574018959	1.804683512	1.210371093	1.102017625	-1.735020067	-0.717712247	-1.239319652	0.461749974	0.637855886
5.754112217	4.967382856	20.46631968	-2.904292507	5.754112217	-0.152668817	-1.114471417	0.657696939	0.543969327	1.089566125	-0.280885119	-0.22341937	0.129679568	0.214421754
12.65818756	12.60486855	7.739934319	1.160603849	12.65818756	2.375252574	-0.334704449	1.972116202	-0.320077157	-0.404058862	-0.963953053	0.551221899	-2.259621857	1.892939103
7.136756444	4.690961591	3.153209783	5.378491601	7.136756444	2.017429089	1.09997908	2.832571908	-0.934547874	-0.564469524	-0.056690912	0.322513476	-0.018244838	0.616959742
6.542872379	6.323492345	11.66588693	1.680066528	6.542872379	1.181299492	-0.625818522	-0.649583538	0.848769991	0.158840129	-0.796249325	1.062110212	1.870885931	-0.339387001
11.25461751	2.882935748	3.254945681	-10.87911287	11.25461751	0.904607556	0.20328428	0.952575133	0.102711144	1.028788687	1.501395873	-0.254345626	-0.911961176	-0.423926185
12.13249096	11.00831376	9.90836239	-5.100427932	12.13249096	2.468939154	-0.310794754	-0.800501315	0.144312767	1.643624984	-0.261077102	0.843272838	-0.861941617	-1.459506155
12.96726275	11.93913015	15.26565605	5.060343316	12.96726275	-0.51426635	-0.227328104	0.105116885	-1.795013498	-0.655393175	0.401955681	-0.976116583	-0.190420664	-0.455584719
5.653020833	4.567248504	15.83569401	-3.33119883	5.653020833	-0.494845648	-0.005186822	-0.654444651	0.260238836	-0.462818632	1.213740934	-0.41405562	1.329712696	0.331638254
7.230745045	4.220342223	2.001961165	5.871318883	7.230745045	-0.064135162	-1.225441717	1.061300178	0.066979048	1.871268488	0.802188051	0.001822042	0.212650351	-0.734203703
9.670946258	-9.379398999	12.1356352	-2.35670871	9.670946258	-1.55283185	0.034451312	0.925586561	0.799722673	0.70162477	0.679373134	0.746242511	-0.989217119	0.344396836
8.090595064	-1.896530675	15.28531836	7.865170048	8.090595064	-0.588673598	-0.005445738	-1.952754989	-0.545052673	-1.340047531	-0.798132237	1.148617114	1.251357474	2.751125599
6.871759592	5.715469542	8.38532208	3.815034444	6.871759592	-1.946206506	-0.855920569	0.387318568	0.394388918	-0.695916494	1.430882125	-0.723758746	0.644544243	1.23731624
7.116212851	4.786639101	4.336224386	5.265792576	7.116212851	1.204250979	0.668058909	-0.396469307	0.774758918	0.348188373	0.81364584	0.30433919	0.663405075	0.470854331
6.026648901	5.829424419	4.85440748	-1.52915268	6.026648901	0.908248886	0.946427594	-0.042615644	-1.20720749	0.470631904	0.548404634	0.258491112	-0.223547646	-1.808156591
12.35408342	12.07675363	0.68193947	-2.602959639	12.35408342	0.926505541	-1.8360737	1.422399326	-0.541218532	3.097012503	0.304363491	0.037245136	0.727569617	0.344063666
7.671292747	1.39367726	20.69313608	7.543632819	7.671292747	1.798064024	-0.997674874	1.329087489	0.784279575	0.160106139	-0.488968152	0.007787013	-1.464972877	1.236828434
9.576130124	-9.466656852	4.056161982	-1.443840783	9.576130124	0.531997265	0.546907679	-0.049047037	-0.92026843	-0.59288635	0.648133665	-0.58072612	-0.789111171	-2.53852529
11.76609939	8.195230811	14.91200393	-8.442706129	11.76609939	-1.254049345	-0.391164652	1.740336444	0.720995881	-0.346261675	-0.589770906	-1.078430253	0.335428374	-1.405913049
5.915856501	5.521209496	2.852083226	-2.12452438	5.915856501	0.854423887	0.651273058	-1.987015887	-1.552121448	0.009538	-2.029523248	-0.148202684	1.375296901	-0.904446375
10.88614946	-1.188839255	2.720780372	-10.82104021	10.88614946	0.982407113	-2.097627688	-0.164119085	-1.299771097	0.608939731	0.373389671	-0.313903732	0.935848905	-0.047714923
7.848085629	0.046272081	8.179508648	7.847949219	7.848085629	2.713569102	1.005074227	-0.068040659	0.506368305	-0.818067784	0.73574848	0.980736967	-1.204498084	-0.542008358
6.230672103	6.222083112	15.86205885	-0.3270422	6.230672103	3.411418423	1.174955258	-0.896170307	-0.196729425	2.416492011	-0.678466074	-0.462812294	0.122696039	0.702559919
10.12571369	-7.738465694	9.472251741	-6.530407833	10.12571369	0.464318816	-1.28627019	-0.702846817	-2.853029462	1.612187861	-0.90920164	-0.361578231	0.146091601	0.19687734
8.131962482	-2.231528987	20.54813141	7.819788501	8.131962482	-0.532820023	-1.315710576	-0.761214892	-0.388614686	1.338002032	0.269361264	0.120699826	0.704594487	0.87775691
9.783328349	-9.161172269	14.8937439	-3.433137959	9.783328349	0.437514172	1.694864862	0.525079697	-0.699663992	1.241028711	-0.87268834	-1.68508545	-0.862569327	0.255214765
11.1008304	1.166273937	20.48985735	-11.03939494	11.1008304	-0.339801957	-0.044904975	-0.492541014	0.080758794	0.527208642	-0.069950367	0.521333482	0.270078037	0.71785537
11.24563787	2.782908117	2.496836292	-10.8958613	11.24563787	-0.205865776	0.02347911	1.424979796	1.24638021	-0.088332858	0.473541022	-0.040374197	0.477021884	-0.009488609
9.221237259	-9.030883323	20.29235022	1.86396432	9.221237259	0.865157432	1.426586357	-0.365867826	-1.35335772	-2.164505494	0.140011661	0.633015052	0.144011422	0.298074854
11.48713834	5.421990446	1.208004764	-10.12701174	11.48713834	-0.183616874	0.2644805	1.745432276	1.065931219	0.025222411	0.04264196	1.432087824	-0.273220452	0.840184804
5.281342245	2.845325805	7.184662028	-4.449347927	5.281342245	-1.081433646	0.972979269	-0.326086027	0.468864965	-0.172765231	0.430778129	0.754803838	-0.441444756	-1.246336926
10.37915414	-6.000374548	6.226689763	-8.468904653	10.37915414	-2.032925707	-1.084676491	0.714663367	0.907890501	0.358479067	0.664941615	-0.893982549	0.506997659	-0.523489702
5.693685832	4.732700116	9.649304573	-3.165376435	5.693685832	-1.241689464	-2.252792495	1.234518246	0.127697443	0.184805758	-0.288980748	-0.150180863	0.061197683	0.25947404
11.1853511	2.110001462	6.357259942	-10.98453335	11.1853511	-1.785444854	-0.787525896	-1.542967087	-1.364993232	0.076567546	-0.514737024	-0.837913825	-0.479403864	-1.245236101
13.36773435	9.300304151	9.022306223	9.602117696	13.36773435	1.405604768	-0.489904903	-0.074256384	1.077368611	-0.115449778	0.197852751	-0.796829691	-0.097266837	-1.744521789
14.09603098	0.579690238	3.124092577	14.08410624	14.09603098	0.019705453	-1.424650479	-0.993333457	0.22530984	-1.869692418	-2.257470928	-1.394940316	0.132944045	-0.086831351
13.40390603	8.971181104	1.545652434	9.959046467	13.40390603	-0.197752037	-0.534393747	-1.036620239	1.028438742	-0.655908856	-0.515889795	-0.416304803	-0.549468396	1.344525677
10.92852266	-0.732226301	3.259519751	-10.90396497	10.92852266	-0.401940912	0.393230369	-0.690383103	1.287188333	0.362601685	-2.042958183	0.139405205	-0.109134009	0.036223267
4.876850424	0.798443147	6.671334023	-4.811045479	4.876850424	-0.27998552	0.647873956	-2.215965432	-1.212728243	-0.848086102	1.27906895	-0.820725713	-0.408619592	-1.349446022
8.789691618	-7.075881737	0.299905112	5.214458398	8.789691618	1.513799812	-1.111653585	0.268163953	-0.253680188	0.632292489	-1.830267684	0.16827041	-0.029633889	-0.090617873
11.59814345	6.573375719	14.63985933	-9.555504338	11.59814345	-0.27492697	-1.18711291	0.222921188	0.88428323	-0.855225491	-0.562572528	-0.498807857	0.211398389	-1.050518269
12.650088	12.60578418	11.57686785	1.057795674	12.650088	0.257758859	0.173952425	0.45522907	-1.193739054	-0.599927826	0.004988474	2.238645862	-1.24797574	0.405132732
7.187586401	4.443052994	6.485970445	5.649838791	7.187586401	-0.846737386	-0.91468999	0.085614117	-0.120878378	-1.033487309	-0.17820101	-0.024651307	1.243975149	-1.415091891
11.28478305	3.218351726	9.848675884	-10.81612411	11.28478305	0.043069948	-0.529369735	1.911836957	-2.071455612	1.403926411	0.098477553	-1.60442092	-0.035626892	-1.465877974
12.95830969	11.97568245	10.6604395	4.949830291	12.95830969	-1.407407986	1.004159782	-0.701160503	-0.579989731	1.59706512	0.537269246	0.697290936	0.594997442	-0.367194057
8.026277079	-1.376059108	8.181097399	7.907438591	8.026277079	1.121057975	0.461702521	0.483688283	1.35672072	1.834702051	-1.122747013	0.245313343	0.007442125	-0.110120993
8.113607415	-2.082916312	18.3991988	7.841688908	8.113607415	-0.766898682	-0.333261895	0.89541766	1.724214323	-1.03489983	1.859803978	-1.015655632	-1.316033034	1.723676834
7.82520804	0.225128288	5.457496461	7.821968942	7.82520804	-1.664438741	-0.652168336	1.886929985	1.550419667	2.047809239	-0.006510222	1.699385775	0.784553848	0.391958201
11.35915829	4.039614543	10.81969354	-10.61659039	11.35915829	-1.498458817	0.159691366	-1.715798598	0.282192181	-0.037535989	0.387218609	-0.154116397	0.367647332	1.613139826
11.06564225	0.774712713	15.07472706	-11.03848987	11.06564225	-0.27486511	0.748515819	-1.23180162	-0.265269827	-1.70621176	1.189970506	0.107016858	0.329797839	0.799513257
8.642625508	-6.131062256	10.47923086	6.091391572	8.642625508	-0.221093037	0.213869868	-0.111025189	1.22889641	0.018815896	-0.803978858	1.511571319	-0.942942965	0.161357494
10.61935113	-3.901660217	6.964377545	-9.87662219	10.61935113	-0.786228667	-0.478569754	1.425355888	0.293801227	-0.549557164	-0.666008657	-1.718825972	-1.193951907	0.809332051
8.830068261	-7.314044258	8.791228269	4.947207504	8.830068261	1.71199822	1.005661487	0.623543966	-1.591710938	1.30545622	2.138714318	1.758615058	0.359859695	-0.628618145
5.641458923	4.519167248	15.06818447	-3.3768604	5.641458923	0.052126552	2.036230668	0.829646057	0.164124054	1.166823762	-1.255561113	-0.893271583	0.679233245	0.06784086
13.82153997	4.290379242	6.262649053	13.13878278	13.82153997	-1.578225961	1.607268051	0.14310699	-0.093570255	-0.987057362	0.963804387	1.003243209	0.339029351	0.494771926
11.08607849	1.00196758	8.791933285	-11.04070638	11.08607849	1.185986512	-0.374705107	-1.308632022	1.787616231	1.538219974	-0.516642928	-1.158969531	-0.507609571	-0.349357538
5.126619967	2.063393146	16.98954412	-4.693041765	5.126619967	-1.189469463	0.771526845	1.415074266	-0.415437318	0.426413629	0.26678377	-0.326072623	-0.70755474	1.132061193
12.40368917	12.23991745	1.763933356	-2.008961365	12.40368917	-1.055240424	1.021998128	-1.546741267	-0.107908656	0.974427953	-1.759183919	-7.98E-04	-1.210466463	1.061482218
6.59196176	6.280202249	13.22750407	2.003252246	6.59196176	-0.211552381	0.222015723	-0.339052078	1.470168395	-0.753610734	-1.23396541	-0.245940502	-0.411099141	1.125666062
7.141964146	4.666291047	19.43214716	5.40679015	7.141964146	-0.641643205	-0.896318542	-0.465125762	-0.859883619	0.154818487	-1.257674719	-0.080257885	-0.020673583	-2.903103202
5.319350499	3.034020998	0.139959801	-4.369234065	5.319350499	-0.473515806	-0.28563343	0.62547651	0.666101955	0.545305746	1.411635845	-0.984656046	0.630836098	-0.998304634
10.6244908	-3.852710044	13.64832847	-9.901334765	10.6244908	-0.089355942	-2.053407367	-0.147967497	0.332256472	0.913970516	-0.990057408	-0.770740101	-0.1171523	-0.058188061
8.285484931	-3.465294511	1.019642997	7.52602116	8.285484931	-1.610251407	-0.18446724	0.430436839	0.958674998	-1.589576458	-0.671145547	0.648364809	-0.977135648	0.08383367
10.9078268	-0.955906561	1.408011949	-10.86586068	10.9078268	1.650335998	-0.221169354	0.099811908	1.902690141	-0.383442406	1.372356883	0.98536396	-1.377575939	-1.609084628
8.915490592	-7.784045084	1.377167674	4.346793602	8.915490592	0.235690959	1.066572796	0.147582036	-0.438251695	1.175153218	-0.576715897	-0.371982281	0.801777215	0.595795009
8.94935183	-7.956848618	7.341979632	4.096273702	8.94935183	0.64976356	-0.83894784	1.09822506	-0.934069475	0.663218239	-1.956855218	0.745094767	0.574739696	0.747919462
11.40183089	4.505700215	6.295557541	-10.4737965	11.40183089	-0.705608195	1.228491233	0.972668535	-1.445452383	0.875898926	0.347856775	-0.467287615	1.010910503	2.021431275
11.54230201	6.000782048	10.38781172	-9.859784501	11.54230201	-1.55460967	-0.75584321	1.974696567	0.283879626	2.228397421	-1.45647704	-0.602807714	-1.139267527	0.62797113
12.35912248	12.09464796	15.36069418	-2.543108212	12.35912248	-1.450834414	-0.147107711	-0.571854664	0.097258666	-0.752318728	2.571961028	-1.18101057	0.72278847	0.552834248
5.320220597	3.038318417	18.30940493	-4.367306768	5.320220597	-0.1265831	-0.229370196	1.03874612	-2.017208699	0.75380868	-0.326752582	-0.11512137	1.159516055	-1.305437056
6.188956968	6.16150148	5.295028969	-0.582312518	6.188956968	0.078035907	-0.595332391	0.685125934	-0.435097185	0.025915508	0.273984243	1.240699883	0.214052848	-1.281258019
11.63803728	6.9731533	18.3778412	-9.317673787	11.63803728	1.371051051	0.580112704	1.310806358	-1.315620013	-0.554620788	-0.446699537	0.065739944	-0.38963509	-1.302355543
11.98750462	10.03454322	8.145547743	-6.558064456	11.98750462	0.009703366	0.071195047	-0.095593993	-1.82695574	-0.732155357	-0.842850733	-0.905356664	1.756895467	0.297481858
12.23298845	11.55945193	12.57875274	-4.003133441	12.23298845	-0.273493953	-0.652160335	-1.267735062	-1.971025587	0.161786906	-0.809328449	0.790247649	0.103041566	1.526542693
13.88275082	3.494015814	19.50684932	13.43587079	13.88275082	0.07504469	-1.00515145	0.693977821	-0.760600425	-0.812410142	-0.036179991	-0.552029337	0.961282001	-1.098420793
12.92806928	12.09158543	3.169329229	4.574771805	12.92806928	1.354589899	-1.653157745	-0.284050138	-0.553660582	0.069694095	-1.55434767	-0.631175135	0.078201782	-0.745453959
6.302284712	6.30113525	5.796336293	0.120362569	6.302284712	0.138888513	-1.391650453	0.177290168	-1.978965495	-0.425176221	1.987996389	-0.051612595	-0.145132779	1.348939668
5.405420383	3.453372873	14.27237968	-4.158459489	5.405420383	-0.950399432	0.877262594	1.14001402	0.146534135	-0.809757882	-0.821210662	1.837145448	-0.394073958	-0.019301115
13.54579168	7.551822941	1.040905039	11.24537428	13.54579168	1.5904721	-0.705929501	-0.326569152	-0.354858261	-0.371825708	-0.625601209	1.606003887	0.378838431	0.406758241
8.476911154	-4.945573544	9.465361312	6.884716772	8.476911154	0.59408928	2.015844366	-0.977371817	-0.257859257	-0.774000735	0.120425909	1.152104722	-0.095696066	-0.943843775
8.195285563	-2.743093968	10.98313652	7.722573466	8.195285563	-0.526413862	-0.849371327	2.333704437	-0.1451269	1.406916837	1.629935101	-0.170197251	-0.973743232	-0.951754754
5.004610117	1.441727626	6.999057323	-4.792446544	5.004610117	0.792878109	1.707636702	0.144194121	0.989532947	0.980995666	-0.862196538	1.372826508	0.236406681	-0.107189265
9.942413796	-8.639872677	15.56990081	-4.919775627	9.942413796	0.093730343	-0.249071004	0.871875925	0.522706972	-0.74862187	0.357085334	-0.088634771	0.093853211	1.196007305
12.61274479	12.59918496	18.36357199	0.584695989	12.61274479	-1.677317349	0.369139419	-1.77926961	-0.099503407	-0.139652949	-0.069937807	-0.744817532	-1.588653817	-0.148496314
4.726533004	0.066849967	16.04739117	-4.726060233	4.726533004	-0.689912133	-0.441881157	-0.582430518	-0.153279509	-0.493025193	0.788839007	0.61768517	-0.993151677	1.256125595
10.85077786	-1.565669487	15.40859788	-10.73722773	10.85077786	0.3730046	0.039440477	1.601782956	0.861541352	1.998374905	-1.519681602	0.1979718	0.421523792	0.83804436
11.57982832	6.387170467	6.954006496	-9.659010158	11.57982832	0.411841987	0.291512096	-0.264941927	-1.05644698	0.09711504	-0.490021717	-0.342001528	-1.048715345	0.096636513
11.41685868	4.668728917	13.12039258	-10.41861951	11.41685868	-0.451578649	-1.168155131	0.08973026	-0.677581	-0.377257606	0.416542252	0.089379321	1.202447321	-0.879054616
11.75349015	8.079458306	8.276125302	-8.536210172	11.75349015	-0.479115024	0.589742502	1.411477257	-0.063269305	0.681703014	-0.083330859	-1.087721669	0.50690947	-0.263408162
5.458875439	3.706924366	1.459672996	-4.007247535	5.458875439	-1.129379482	-0.885557639	0.902397682	-1.155634877	-0.140269827	-0.311743932	-1.181178685	0.836399482	0.885917383
10.84370424	-1.640510557	7.911704163	-10.71889205	10.84370424	0.246962872	1.383651626	-0.015965937	-0.243054023	-0.274338742	1.34337826	1.107706331	0.65648484	1.413866569
11.11077899	1.277184495	4.372639635	-11.03712869	11.11077899	-2.384438987	-0.170844441	-2.145258738	-0.543971906	1.022483522	-1.375623388	0.375405037	0.939992506	1.632636614
5.50032762	3.899187118	15.37275067	-3.879425698	5.50032762	-0.452031661	-1.863999848	1.39042212	-2.265928134	-0.36301508	0.006282769	-1.321224962	-0.611979752	-0.240527491
5.516210816	3.971746498	13.20160829	-3.828029718	5.516210816	-1.812268633	-0.840723821	-0.503339507	-0.356483092	0.214638666	0.866341967	-1.547325699	-1.237382259	-0.516698549
13.38891395	9.109274218	7.350126716	9.812448209	13.38891395	1.35796697	-0.971630138	-0.591734271	-1.594474618	-0.412450093	0.387977744	0.278658052	2.109841579	-0.082397229
5.896179863	5.460118485	14.24221503	-2.225318652	5.896179863	-0.674751172	0.2331864	0.335578652	2.019712593	3.505991827	0.125561147	-1.815031318	-1.60436869	1.566932717
5.600700794	4.346189046	13.36274944	-3.532490645	5.600700794	-0.264063312	0.339882572	-0.232629789	-1.116099947	-0.904290917	0.693699819	-1.222406653	0.024808009	0.451810585
12.8036039	12.44499943	0.120942542	3.009030101	12.8036039	-1.067978322	-0.424369161	-0.38622188	-0.689826328	1.538439514	0.735108911	-1.664486361	1.565287984	0.583006949
6.081116825	5.95738761	13.21815495	-1.22045676	6.081116825	1.226924149	-0.610750624	-1.55674913	0.36847506	-0.028249359	-0.909486202	1.858054003	0.582574257	0.39994605
9.601299582	-9.452099922	2.999708731	-1.686048848	9.601299582	-1.471662161	0.307036679	-1.041141445	0.557852832	1.089129318	-0.116206911	0.401372447	-1.464306629	1.532454084
11.59225047	6.51364025	7.422512872	-9.58920026	11.59225047	0.086837478	0.15224661	-0.641676759	2.205257968	1.32161621	-0.296249828	-0.878068459	2.321972139	-0.028160854
10.09190154	-7.928244675	16.35351684	-6.244150301	10.09190154	0.053820974	-0.560487794	0.490004742	-0.1277337	-2.310670235	-1.443620807	-0.804575838	0.459270919	-1.764142763
9.610057234	-9.445579576	14.99556813	-1.770374681	9.610057234	-0.56084528	-0.123052816	-1.115488946	1.503132765	0.398032524	0.230190865	-1.004760102	0.990785399	1.520219633
5.675668826	4.660111278	0.212680911	-3.239842513	5.675668826	-0.033831845	-0.874266841	-0.627870082	1.504183948	-1.505137299	1.619869826	-1.605151	-1.605955144	-0.609883206
6.13523658	6.068212408	13.36961984	-0.90439265	6.13523658	-0.143565423	0.417177351	-1.164201301	1.472295895	-0.971351204	1.26370933	0.358835649	0.144995366	1.013416662
8.530200086	-5.338609574	5.312892527	6.653086602	8.530200086	-0.104232757	3.084476708	-0.543167226	-2.231945808	-2.177675156	1.732765633	0.461931781	0.399814573	-0.348762705
6.110079139	6.018760978	17.18152036	-1.052417871	6.110079139	0.570802576	1.012211411	-0.437393854	0.644746174	0.931225048	-0.675883741	0.965141118	-0.487756133	-0.739335563
11.72315704	7.796678039	14.5544056	-8.754668612	11.72315704	-1.60821913	-0.224519462	-0.487690355	-0.626103471	1.954189148	-1.050209374	0.211530831	-1.350635074	-0.641394668
4.96447583	1.238266338	8.80283118	-4.807568694	4.96447583	0.866649999	-1.373619407	1.135978737	0.103243096	0.279502719	1.298211346	0.039604617	0.907532475	0.668229686
14.02665193	1.547001996	2.535868873	13.94108135	14.02665193	0.537070417	-0.084683198	0.19363213	0.21434986	2.126331219	0.754980474	-1.506775721	0.068145124	0.783512596
5.718459867	4.830586468	5.395626232	-3.060427687	5.718459867	0.105653346	1.572400733	-1.054523596	0.609455225	1.225146534	0.865675147	-0.85399214	-0.627835277	-1.459144715
4.730196943	0.084230717	15.69885646	-4.729446934	4.730196943	0.352074154	0.273233658	0.675901384	-0.520163047	0.303234663	0.871260329	1.091166318	-0.678107279	-0.244751075
13.41782171	8.840899065	12.13009024	10.0933861	13.41782171	0.964108042	0.086762149	0.306767942	2.242153454	2.595760337	0.279200424	-0.054070036	-1.909658562	0.390285017
8.673597954	-6.33939415	2.795882109	5.919745203	8.673597954	-0.786153384	0.611129045	-0.271580435	1.63172827	1.50453444	0.288614463	-0.754154175	0.909093841	-0.792158696
9.420342262	-9.420249587	5.954938319	0.041785666	9.420342262	1.684014736	0.182037011	1.014686465	0.234530937	0.155536563	1.614905068	-0.334455259	-0.191903568	0.967921591
11.56414164	6.226426973	13.97771785	-9.744792403	11.56414164	0.0395567	0.11871519	-0.532030914	-0.736175567	-0.161466689	-1.006741698	0.618339631	1.294777235	-0.522353165
6.209628186	6.192836696	11.97279742	-0.456350588	6.209628186	-0.980582261	-3.418947107	-0.728621618	0.395885098	1.969803732	1.314819203	0.03142618	1.595114387	0.613658296
7.925846176	-0.569097156	2.785070621	7.905388417	7.925846176	0.065267924	1.295030542	0.722202824	-0.449866178	0.870288301	-1.603062777	0.208561602	0.021241894	1.742883288
4.876364175	0.796024312	6.040099972	-4.810953426	4.876364175	-0.195195215	0.081578716	-0.150247364	-1.776906652	1.710491382	-0.612278265	0.997884197	0.799829768	-0.368230068
11.93844163	9.661135	16.72519808	-7.013476966	11.93844163	0.249424176	0.361096598	1.275659798	-0.299704599	0.357238196	-1.379403028	0.638026495	1.138976367	0.538674147
11.77472884	8.273844436	20.68465504	-8.377812217	11.77472884	0.220098493	0.470446367	0.742643388	-0.874747754	0.854520739	-0.837754427	-0.167908729	-0.36612711	1.862682951
11.55289203	6.11046011	0.91578583	-9.804671917	11.55289203	-0.503126101	-0.024495517	1.362329684	-1.63369195	-1.019423931	-0.030679485	1.052386691	-0.226172057	1.260734305
11.76316116	8.168348522	10.81394615	-8.464634829	11.76316116	-0.493689759	-2.343018683	0.448777314	-1.512366117	-0.649375174	2.774665239	0.787796786	1.837987591	0.174546992
10.25587708	-6.913120348	2.486432904	-7.575736389	10.25587708	-1.135992123	-1.840774876	-0.111485895	0.389736249	-1.374511236	1.554016107	1.519273841	-0.342217407	-1.214648957
7.873526081	-0.153873919	5.973351211	7.872022343	7.873526081	-0.180722192	-1.816922909	-0.175114965	0.084526882	-0.891901738	-0.929122747	-0.444687347	0.561610972	0.953758865
8.034070278	-1.439036835	14.04233134	7.904141839	8.034070278	0.179058455	-0.477925186	0.706819575	-0.986894948	-0.008089398	2.047850458	0.486072505	-1.452024403	1.913245211
7.017554079	5.208806879	15.10584236	4.702594618	7.017554079	0.718336826	0.86156336	-0.351429987	-0.181196557	-0.381971894	0.446426695	0.314302407	1.969946472	-0.907610521
13.06192598	11.49063841	17.51525434	6.211210783	13.06192598	1.182220558	-0.881052399	0.35234754	-1.89415421	1.451945432	0.827358334	-0.657900072	-0.349857881	-1.058678337
6.664226378	6.186254586	5.863373859	2.478339648	6.664226378	-1.367755626	0.620271995	-1.900463068	-0.991775935	0.10535327	0.111855613	0.032921931	1.788076383	0.248602647
5.926265627	5.552777546	8.153706799	-2.070576201	5.926265627	-0.575933707	-0.741708249	-0.177670072	0.466775208	-0.672124559	0.89496685	0.112783592	-1.5631706	-0.704138711
5.695992286	4.741908434	8.525041191	-3.155730109	5.695992286	0.3723407	-0.761455742	0.448331432	0.395528144	-1.112469727	-1.618570497	-1.366412697	0.824522706	1.325991415
9.33810521	-9.303052464	0.237109258	0.808346308	9.33810521	0.447431048	-1.177403484	1.101023297	-1.583850769	-0.092902624	-0.695052093	-0.828159821	0.187692333	-0.697688645
12.37087478	12.13522784	2.488226159	-2.403078876	12.37087478	0.581440489	-1.177943712	-0.293765569	0.245945267	-0.439357976	-0.343083558	-1.26855379	1.97523287	-0.472717469
11.54133757	5.990769547	2.338145549	-9.864742937	11.54133757	-0.303282326	-2.707526672	-1.000779325	0.960304215	-0.488854076	0.118639719	0.967403242	-1.209507743	0.148464735
10.03034249	-8.246755868	12.11633179	-5.709534837	10.03034249	-1.01386162	-0.336728631	0.553873879	0.125123724	-0.942038787	0.330774888	-2.811647256	-0.398960184	-1.074140832
6.097428188	5.992532298	15.60290615	-1.126138163	6.097428188	1.170564697	0.079669424	-1.847579102	0.550501653	0.66511437	0.278060378	-0.040707807	-1.044392421	3.142757791
8.270941282	-3.349586151	17.45033421	7.562323869	8.270941282	-0.654548426	2.467804114	0.317749871	0.597200333	-1.080701316	-0.444968609	0.761777107	0.618809926	-0.262997479
6.573498306	6.298425838	1.570220412	1.88167796	6.573498306	-0.069148521	-0.428835251	0.659293239	0.264319174	-0.849401631	-0.472744082	-1.950332077	1.227582758	1.017955472
12.8562009	12.31999951	2.921273344	3.674168423	12.8562009	0.581033949	-0.013097102	0.211846425	1.720360716	0.058531479	0.588043918	0.151638194	-1.225224347	-1.249498557
13.87909184	3.542220046	11.50957823	13.41945854	13.87909184	-2.015715047	-0.644942755	0.723865533	0.324261947	-0.378471089	0.697103788	-0.410972275	1.049825035	0.569667743
9.560286468	-9.472645056	14.73692323	-1.291539008	9.560286468	0.665121387	0.778562772	0.34283944	-0.685968968	0.673203618	-0.342297755	1.426624494	-1.066213861	0.008875777
